"i" "j" "hgt" "rsp" "rdir" "hgto"
"1" 1 2 60 0.988259576789718 0.976224964837652 50
"2" 1 3 120 0.975520549401661 0.926013364095654 150
"3" 1 4 180 0.969362040117525 0.891201072027355 150
"4" 1 5 240 0.946314281417391 0.799890892014351 250
"5" 1 6 300 0.923828383806072 0.722714971472206 350
"6" 1 7 360 0.910943741073556 0.663857632201352 350
"7" 1 8 420 0.877303444308645 0.598279168289651 450
"8" 1 9 480 0.846286958662998 0.446271783317729 450
"9" 1 10 540 0.818638008924884 0.358686263777137 550
"10" 1 11 600 0.79951745830654 0.26863442122053 650
"11" 1 12 660 0.804513219474802 0.0116503737384358 650
"12" 1 13 720 0.788030784527279 0.118305084130505 750
"13" 1 14 780 0.78601296553073 0.00875917882977188 750
"14" 1 15 840 0.745984903780809 0.0625036501072945 850
"15" 1 16 900 0.756718321268018 0.145767623746872 950
"16" 1 17 960 0.745590133600743 0.190477467099777 950
"17" 1 18 1020 0.752323612544469 0.205260198363446 1050
"18" 1 19 1080 0.754992804097468 0.106231203714989 1050
"19" 1 20 1140 0.767766340092363 0.257259854248785 1150
"20" 1 21 1200 0.766026323096033 0.19939590753328 1250
"21" 1 22 1260 0.494449208992106 0.141592226426089 1250
"22" 1 23 1380 0.517056872488563 0.153834061692271 1350
"23" 1 24 1500 0.507384073447112 -0.0306860201053921 1550
"24" 1 25 1620 0.449203763842801 -0.0487590281166594 1650
"25" 1 26 1740 0.402403620300196 -0.107229983766223 1750
"26" 1 27 1860 0.30927083226291 -0.182883245231206 1850
"27" 1 28 1980 0.382015101923439 -0.0673239782142958 1950
"28" 1 29 2100 0.420823698567945 -0.0808410905178204 2150
"29" 1 30 2220 0.414708238162965 -0.0112407246153988 2250
"30" 1 31 2340 0.376493509856596 0.0978827785918951 2350
"31" 1 32 2460 0.273862293068524 0.158156996379517 2450
"32" 1 33 2580 0.218074900091369 0.0463103552683167 2550
"33" 1 34 2700 0.0182174447029646 0.0613498689499104 2750
"34" 1 35 2820 0.137630486040041 -0.11283715076356 2850
"35" 1 36 2940 0.0139324355814083 -0.0282002524988512 2950
"36" 1 37 3060 0.132860730728323 -0.164111260937216 3050
"37" 1 38 3180 0.11629967456878 -0.220408584949629 3150
"38" 1 39 3300 0.0731913866773279 -0.27995936647573 3350
"39" 1 40 3420 -0.277394470394428 -0.192241766385013 3450
"40" 1 41 3540 -0.0400800301917819 -0.329877431951606 3550
"41" 1 42 3660 -0.0144086310651493 0.0173154651582265 3650
"42" 1 43 3780 0.018975523293588 -0.0117184281511123 3750
"43" 1 44 3900 0.221937799611779 -0.159583371489822 3950
"44" 1 45 4020 0.329405928418232 0.0449189598191618 4050
"45" 1 46 4140 0.426412805443447 -0.405353695044551 4150
"46" 1 47 4260 0.0822855437293089 -0.279236896143334 4250
"47" 1 48 4380 0.0531483719303288 -0.151224583298031 4350
"48" 1 49 4500 -0.107795442653687 -0.184769902635136 4550
"49" 1 50 4620 -0.130863136184185 -0.185439509140251 4650
"50" 1 51 4740 -0.302712363341249 -0.241060663951728 4750
"51" 1 52 4860 0.172331341110035 -0.232641936302418 4850
"52" 1 53 4980 0.129192540586787 -0.257336572418287 4950
"53" 1 54 5100 0.474859603966296 -0.262793407058155 5150
"54" 1 55 5220 -0.404449964583093 -0.22316046905223 5250
"55" 1 56 5340 -0.396337800009565 -0.0441192668803556 5350
"56" 1 57 5460 -0.11391237907183 -0.0543391162031873 5450
"57" 1 58 5580 -0.404240460621624 -0.357209956464664 5550
"58" 2 3 60 0.992093508268408 0.956203745551631 50
"59" 2 4 120 0.986589268327983 0.916765043642926 150
"60" 2 5 180 0.966017694081421 0.848072540139169 150
"61" 2 6 240 0.935387319239674 0.792703718137062 250
"62" 2 7 300 0.916889627121472 0.780563357576495 350
"63" 2 8 360 0.869508346587581 0.683876163711872 350
"64" 2 9 420 0.834938505553424 0.59239087203779 450
"65" 2 10 480 0.798024746099156 0.464249877407676 450
"66" 2 11 540 0.763375733216608 0.376627277111878 550
"67" 2 12 600 0.772777613230654 0.134668983729582 650
"68" 2 13 660 0.737325082950899 0.160913158868342 650
"69" 2 14 720 0.740308357853573 0.0948365789562485 750
"70" 2 15 780 0.709448730939116 0.0515866835149911 750
"71" 2 16 840 0.718824979569098 0.173000476118595 850
"72" 2 17 900 0.693682548757922 0.168241000005044 950
"73" 2 18 960 0.701763530077532 0.267367322509921 950
"74" 2 19 1020 0.695039324480868 0.143398541422915 1050
"75" 2 20 1080 0.713292677830087 0.273882941509689 1050
"76" 2 21 1140 0.723796715336036 0.15894843137391 1150
"77" 2 22 1200 0.506923882828961 0.0899393622307286 1250
"78" 2 23 1320 0.513357808236923 0.144830661473045 1350
"79" 2 24 1440 0.48648980356399 0.00901558629703818 1450
"80" 2 25 1560 0.420663768546994 -0.000578261382663028 1550
"81" 2 26 1680 0.383442730913705 0.0292247303561279 1650
"82" 2 27 1800 0.306028138180161 -0.0178018828943228 1850
"83" 2 28 1920 0.36039603151253 0.0179100316009008 1950
"84" 2 29 2040 0.40437277937821 -0.0556444565447529 2050
"85" 2 30 2160 0.428527372905746 -0.0561965818141379 2150
"86" 2 31 2280 0.405622761415475 0.0322583479670682 2250
"87" 2 32 2400 0.290977799320414 0.114285588485804 2450
"88" 2 33 2520 0.252162648293736 0.0392895431209952 2550
"89" 2 34 2640 0.0513939362034511 0.0907024136158552 2650
"90" 2 35 2760 0.134261931488683 -0.11320029381534 2750
"91" 2 36 2880 0.00288474086258953 0.00738443031348155 2850
"92" 2 37 3000 0.128893934589432 -0.102297171085427 3050
"93" 2 38 3120 0.096722131224195 -0.189381090856926 3150
"94" 2 39 3240 0.0734654360251757 -0.232724363186436 3250
"95" 2 40 3360 -0.258143408995323 -0.0606886530262648 3350
"96" 2 41 3480 -0.0673326467138523 -0.0864245611288495 3450
"97" 2 42 3600 -0.0257342010791019 -0.316576746942471 3650
"98" 2 43 3720 0.0132541185878619 -0.20892346138481 3750
"99" 2 44 3840 0.18732165699087 -0.0433934854240839 3850
"100" 2 45 3960 0.274236704605736 0.300261108973533 3950
"101" 2 46 4080 0.393809650238839 -0.3063819888782 4050
"102" 2 47 4200 0.0240347686829549 -0.279186327371196 4250
"103" 2 48 4320 -0.0187071759581706 -0.199047312789685 4350
"104" 2 49 4440 -0.114294280897676 -0.207268613503857 4450
"105" 2 50 4560 -0.134696231037345 -0.203897104410934 4550
"106" 2 51 4680 -0.305139753723704 -0.203993964036794 4650
"107" 2 52 4800 0.097491587167456 -0.229766434035402 4850
"108" 2 53 4920 0.0741437214218502 -0.198736682798794 4950
"109" 2 54 5040 0.415920303902273 -0.293212354246897 5050
"110" 2 55 5160 -0.367006977948608 -0.258605995756342 5150
"111" 2 56 5280 -0.345532386646747 -0.0919008172142718 5250
"112" 2 57 5400 -0.080129544915532 -0.084370034793708 5450
"113" 2 58 5520 -0.337007760921428 -0.386302744816589 5550
"114" 3 4 60 0.990459955790707 0.948647842500716 50
"115" 3 5 120 0.971863300436596 0.884916556962935 150
"116" 3 6 180 0.949201487224584 0.807800842657943 150
"117" 3 7 240 0.934611846912534 0.780697063473123 250
"118" 3 8 300 0.886651866223639 0.615865681120871 350
"119" 3 9 360 0.873618786155776 0.539521955744654 350
"120" 3 10 420 0.826453595569726 0.36366633135866 450
"121" 3 11 480 0.795035506171197 0.284843530712928 450
"122" 3 12 540 0.796631469133994 0.118601433971948 550
"123" 3 13 600 0.772209277397792 0.0764470916408241 650
"124" 3 14 660 0.768641515072174 0.0800397213655116 650
"125" 3 15 720 0.744233815368085 0.0413962046578146 750
"126" 3 16 780 0.742843709652465 0.165602373868608 750
"127" 3 17 840 0.72605907038515 0.131988262256954 850
"128" 3 18 900 0.735068781000852 0.200608112226861 950
"129" 3 19 960 0.712542511235971 0.124016540298158 950
"130" 3 20 1020 0.74014281143748 0.238664835938008 1050
"131" 3 21 1080 0.738520313446165 0.186305176010327 1050
"132" 3 22 1140 0.58257578129272 0.0716532888838682 1150
"133" 3 23 1260 0.604268877245867 0.0888070725073323 1250
"134" 3 24 1380 0.591127553453156 -0.000820118818993847 1350
"135" 3 25 1500 0.523099398863296 0.0206601000691025 1550
"136" 3 26 1620 0.476990468223723 0.0592067128758026 1650
"137" 3 27 1740 0.356537597289605 0.0136446156656889 1750
"138" 3 28 1860 0.393928804386949 0.0603557442774536 1850
"139" 3 29 1980 0.429717361337078 0.00417250575263743 1950
"140" 3 30 2100 0.442345483611831 -0.0267566657470466 2150
"141" 3 31 2220 0.390456083962455 0.143910723381412 2250
"142" 3 32 2340 0.25678395511185 0.195776955878033 2350
"143" 3 33 2460 0.196126576391841 0.112267620130322 2450
"144" 3 34 2580 0.0588782180705639 0.115845479677705 2550
"145" 3 35 2700 0.138384775119219 -0.0552842381392155 2750
"146" 3 36 2820 0.0566080179740877 0.057593381995502 2850
"147" 3 37 2940 0.172101176575227 -0.0798880389415288 2950
"148" 3 38 3060 0.204479950164075 -0.130475979865597 3050
"149" 3 39 3180 0.209343950611363 -0.144445003133761 3150
"150" 3 40 3300 0.028225997515898 -0.0268768954098969 3350
"151" 3 41 3420 0.140605960224786 -0.000643280699187587 3450
"152" 3 42 3540 0.0973608009185172 0.173407471523097 3550
"153" 3 43 3660 0.0891560269564918 -0.00314006884971407 3650
"154" 3 44 3780 0.155842582272147 -0.297115742167387 3750
"155" 3 45 3900 0.200648026500134 0.0250747600921575 3950
"156" 3 46 4020 0.20351122682453 -0.243160979201932 4050
"157" 3 47 4140 0.0260964813678937 -0.221003047842482 4150
"158" 3 48 4260 0.0598858301189751 -0.098959164903683 4250
"159" 3 49 4380 -0.0559403022955409 -0.13025293175214 4350
"160" 3 50 4500 -0.143457250644384 -0.190498569429967 4550
"161" 3 51 4620 -0.254854398332657 -0.238962169823947 4650
"162" 3 52 4740 0.0863801111763869 -0.212006490737248 4750
"163" 3 53 4860 -0.00231752860717114 -0.257620434164748 4850
"164" 3 54 4980 0.169005742172274 -0.254229830041617 4950
"165" 3 55 5100 -0.216693891238316 -0.212079970020958 5150
"166" 3 56 5220 -0.146742366499817 -0.0748951860733594 5250
"167" 3 57 5340 0.070419613159826 -0.126204933912899 5350
"168" 3 58 5460 -0.0373079625040201 -0.446766843364325 5450
"169" 4 5 60 0.983520992545204 0.954587993081953 50
"170" 4 6 120 0.96871385845556 0.915738308633825 150
"171" 4 7 180 0.957380718100684 0.886149763796769 150
"172" 4 8 240 0.912468683590735 0.786699127184614 250
"173" 4 9 300 0.892375141281563 0.709197992590613 350
"174" 4 10 360 0.848362529672088 0.62120841502843 350
"175" 4 11 420 0.824930887123182 0.469967916674839 450
"176" 4 12 480 0.805489941628195 0.368572018960979 450
"177" 4 13 540 0.791839964125899 0.373985021958773 550
"178" 4 14 600 0.783950619520924 0.320098338884124 650
"179" 4 15 660 0.766910169424492 0.258228775901252 650
"180" 4 16 720 0.757571245816619 0.303447945878231 750
"181" 4 17 780 0.73948680862193 0.324772757475088 750
"182" 4 18 840 0.740202491795431 0.311315946370752 850
"183" 4 19 900 0.724297492068363 0.229110156769063 950
"184" 4 20 960 0.742306438860474 0.327575331400169 950
"185" 4 21 1020 0.72767507024691 0.227178732762939 1050
"186" 4 22 1080 0.58314277565982 0.157474939897256 1050
"187" 4 23 1200 0.582224901220466 0.121676514312054 1250
"188" 4 24 1320 0.57672274336172 -0.000384341260868417 1350
"189" 4 25 1440 0.481669026638717 0.24602599255163 1450
"190" 4 26 1560 0.44646350718438 0.166731038436689 1550
"191" 4 27 1680 0.353775449895388 0.0812438485710462 1650
"192" 4 28 1800 0.378612629352582 0.102462584491076 1850
"193" 4 29 1920 0.410020927013136 0.111913458428969 1950
"194" 4 30 2040 0.418110138687281 0.191501735399294 2050
"195" 4 31 2160 0.369358785261485 0.221718465132632 2150
"196" 4 32 2280 0.251115752548652 0.214799908679617 2250
"197" 4 33 2400 0.22981449418226 0.130941382241371 2450
"198" 4 34 2520 0.0462169077120895 0.147777442774197 2550
"199" 4 35 2640 0.134825102425782 -0.075827668617725 2650
"200" 4 36 2760 0.0159761835073898 -0.0301656624781307 2750
"201" 4 37 2880 0.141340058977388 -0.165983602740977 2850
"202" 4 38 3000 0.176405044486774 -0.246640614349341 3050
"203" 4 39 3120 0.180471095444914 -0.269424771053604 3150
"204" 4 40 3240 -0.000499140536976964 -0.143019560632487 3250
"205" 4 41 3360 0.129053253387452 -0.030712006952825 3350
"206" 4 42 3480 0.224185665763241 0.0026895948799355 3450
"207" 4 43 3600 0.184491487607112 0.0888309635100953 3650
"208" 4 44 3720 0.230038620507131 0.34855428480094 3750
"209" 4 45 3840 0.24480567328801 0.497143015442486 3850
"210" 4 46 3960 0.162077514876177 -0.260900246507273 3950
"211" 4 47 4080 -0.0186445448595541 -0.272164224835296 4050
"212" 4 48 4200 -0.0480645456027827 -0.139835207294721 4250
"213" 4 49 4320 -0.0947602323109446 -0.119528725600152 4350
"214" 4 50 4440 -0.168729521360358 -0.156226351586764 4450
"215" 4 51 4560 -0.295041731568145 -0.219205766635949 4550
"216" 4 52 4680 0.0779998772962448 -0.171099725932136 4650
"217" 4 53 4800 0.0786461422313208 -0.240780673006356 4850
"218" 4 54 4920 0.36779238156611 -0.211839631767423 4950
"219" 4 55 5040 -0.129300218987723 -0.175400570649199 5050
"220" 4 56 5160 -0.122813714011343 -0.138825810176525 5150
"221" 4 57 5280 0.0596434052555158 -0.279495692022366 5250
"222" 4 58 5400 -0.0407776731388467 -0.373258570061442 5450
"223" 5 6 60 0.985725347042151 0.961368835810513 50
"224" 5 7 120 0.981883975312919 0.92831399150095 150
"225" 5 8 180 0.950524692841137 0.843192086523654 150
"226" 5 9 240 0.936208948916092 0.786236994495668 250
"227" 5 10 300 0.898946538889656 0.610813772055178 350
"228" 5 11 360 0.874442901439245 0.48390748852826 350
"229" 5 12 420 0.851843892833383 0.279564997900453 450
"230" 5 13 480 0.84774279107525 0.288963200573599 450
"231" 5 14 540 0.820022309639419 0.229549582469508 550
"232" 5 15 600 0.809207358069414 0.292265146084531 650
"233" 5 16 660 0.798710578086234 0.257506748970267 650
"234" 5 17 720 0.780903269991879 0.331384107147519 750
"235" 5 18 780 0.788406619052615 0.326070218350234 750
"236" 5 19 840 0.759480722165441 0.258764235864846 850
"237" 5 20 900 0.769942949972552 0.291160525389358 950
"238" 5 21 960 0.772470413812086 0.168628024031845 950
"239" 5 22 1020 0.544235616392356 0.0268042759258084 1050
"240" 5 23 1140 0.530265498585508 -0.00278962833584542 1150
"241" 5 24 1260 0.501181094859867 0.0163189921883221 1250
"242" 5 25 1380 0.446858744798882 -0.0254261293787644 1350
"243" 5 26 1500 0.391122985931539 -0.0680658466356041 1550
"244" 5 27 1620 0.315553091707657 -0.0620856866275611 1650
"245" 5 28 1740 0.367015768324903 -0.0382175256648808 1750
"246" 5 29 1860 0.394704843452962 -0.097032639313309 1850
"247" 5 30 1980 0.432516083964529 0.00208308430508869 1950
"248" 5 31 2100 0.413583787928689 0.178062367692202 2150
"249" 5 32 2220 0.262336364161948 0.161845553831855 2250
"250" 5 33 2340 0.197831861629839 0.0496324269808353 2350
"251" 5 34 2460 0.0147666027569027 0.0239380032721524 2450
"252" 5 35 2580 0.101871834982303 -0.0683323512201271 2550
"253" 5 36 2700 0.0153244574790157 -0.0609014290246819 2750
"254" 5 37 2820 0.113925319761096 -0.148923043244293 2850
"255" 5 38 2940 0.123555132431502 -0.228262544895512 2950
"256" 5 39 3060 0.131309075612288 -0.244928123957058 3050
"257" 5 40 3180 -0.152499964404144 -0.154119419370439 3150
"258" 5 41 3300 0.069908940053337 0.0316264726610386 3350
"259" 5 42 3420 0.21576053756696 -0.0508996887337909 3450
"260" 5 43 3540 0.183435910546315 -0.0326001584225881 3550
"261" 5 44 3660 0.331766201015272 0.346324549857154 3650
"262" 5 45 3780 0.392742658035566 0.46496024327706 3750
"263" 5 46 3900 0.425179797927184 -0.283847672687786 3950
"264" 5 47 4020 0.020598619060292 -0.277487451982155 4050
"265" 5 48 4140 -0.00717474842068389 -0.171935035340985 4150
"266" 5 49 4260 -0.153492467406014 -0.115536929260658 4250
"267" 5 50 4380 -0.156340756061245 -0.174495166931046 4350
"268" 5 51 4500 -0.379521056971964 -0.227623429604759 4550
"269" 5 52 4620 0.0859044048680567 -0.12884016856519 4650
"270" 5 53 4740 0.114119541016542 -0.247336406161476 4750
"271" 5 54 4860 0.300062027039566 -0.117578395627033 4850
"272" 5 55 4980 -0.456844883830216 -0.160260783651404 4950
"273" 5 56 5100 -0.452931138489978 -0.168425479051509 5150
"274" 5 57 5220 -0.15771696745423 -0.114594041550747 5250
"275" 5 58 5340 -0.381399194050575 -0.423779809864948 5350
"276" 6 7 60 0.989869848077934 0.953074109427108 50
"277" 6 8 120 0.968643530192438 0.909135671132025 150
"278" 6 9 180 0.953937361191636 0.812760647349925 150
"279" 6 10 240 0.919796305917273 0.734082496928748 250
"280" 6 11 300 0.902795871984084 0.446545893072928 350
"281" 6 12 360 0.888538250642899 0.404885285688194 350
"282" 6 13 420 0.869198363586422 0.262768364451556 450
"283" 6 14 480 0.852147739700656 0.276800240668769 450
"284" 6 15 540 0.829037502073425 0.20558511807523 550
"285" 6 16 600 0.822575020250708 0.331451644472798 650
"286" 6 17 660 0.799456606114552 0.20166660854688 650
"287" 6 18 720 0.790370467712005 0.199685472362222 750
"288" 6 19 780 0.773014084458315 0.184646106440609 750
"289" 6 20 840 0.784518241553623 0.218431735824299 850
"290" 6 21 900 0.77030034829171 0.185678872544434 950
"291" 6 22 960 0.537390715600308 0.152692778881657 950
"292" 6 23 1080 0.526908254514372 0.0223558734198564 1050
"293" 6 24 1200 0.445505987054837 -0.0873709540450439 1250
"294" 6 25 1320 0.416592518922974 0.0055069918103327 1350
"295" 6 26 1440 0.392040010076063 -0.0161622757459922 1450
"296" 6 27 1560 0.306901599129826 -0.0216892925864045 1550
"297" 6 28 1680 0.354201188377283 -0.0400703125148826 1650
"298" 6 29 1800 0.42014620842663 -0.102581758435299 1850
"299" 6 30 1920 0.450585989190546 0.0627687052347269 1950
"300" 6 31 2040 0.403242601637817 0.271762309816335 2050
"301" 6 32 2160 0.26246798449687 0.285919887267792 2150
"302" 6 33 2280 0.253355832609446 0.210257844734248 2250
"303" 6 34 2400 0.111647945992357 0.0818555717071143 2450
"304" 6 35 2520 0.172520814027169 0.0316098249229591 2550
"305" 6 36 2640 0.117237238708291 0.0372634096809367 2650
"306" 6 37 2760 0.185299927144552 -0.0702114590422536 2750
"307" 6 38 2880 0.22333319132531 -0.0176831948066385 2850
"308" 6 39 3000 0.235914392234586 -0.0385722102848375 3050
"309" 6 40 3120 -0.0380989809507148 0.125802213836487 3150
"310" 6 41 3240 -0.0304012641685726 0.392623348176261 3250
"311" 6 42 3360 0.0596216458998203 0.277848779008748 3350
"312" 6 43 3480 0.0103076844902157 0.194213483957252 3450
"313" 6 44 3600 0.21444077453104 0.258331820189787 3650
"314" 6 45 3720 0.168442949553611 -0.0489809909651208 3750
"315" 6 46 3840 0.162854805104193 -0.183939358260248 3850
"316" 6 47 3960 -0.0836061507058924 -0.0222676164139093 3950
"317" 6 48 4080 -0.104107568335757 -0.00694464371359387 4050
"318" 6 49 4200 -0.00526189032077594 -0.051635244321995 4250
"319" 6 50 4320 -0.17964628508606 -0.121201579691645 4350
"320" 6 51 4440 -0.291380317931389 -0.183423548049097 4450
"321" 6 52 4560 0.114426687409546 -0.165040985990093 4550
"322" 6 53 4680 0.0234745937897948 -0.155002084952377 4650
"323" 6 54 4800 0.0969837509610047 -0.0677055535543918 4850
"324" 6 55 4920 -0.495004007733289 -0.0873978799677028 4950
"325" 6 56 5040 -0.473017956929216 -0.138285789663283 5050
"326" 6 57 5160 -0.200678484276831 -0.0953670871241621 5150
"327" 6 58 5280 -0.501762094459458 -0.40373965416542 5250
"328" 7 8 60 0.980279653027242 0.942525584014183 50
"329" 7 9 120 0.972056806911577 0.910150297192835 150
"330" 7 10 180 0.946259964646561 0.84608973251915 150
"331" 7 11 240 0.918730601871256 0.625114743077767 250
"332" 7 12 300 0.905202172494007 0.574318497729921 350
"333" 7 13 360 0.896096261944526 0.439225690681272 350
"334" 7 14 420 0.875767764876574 0.488751784596088 450
"335" 7 15 480 0.862164234098483 0.274529458410622 450
"336" 7 16 540 0.841918891188189 0.443574041786182 550
"337" 7 17 600 0.818015491451118 0.330614469517966 650
"338" 7 18 660 0.820065951147321 0.377724086085649 650
"339" 7 19 720 0.790673488799013 0.319498719113818 750
"340" 7 20 780 0.793653470332689 0.303410762161509 750
"341" 7 21 840 0.794459278846731 0.2839588814069 850
"342" 7 22 900 0.547559193395124 0.197303478340439 950
"343" 7 23 1020 0.54531699383777 0.164894106312372 1050
"344" 7 24 1140 0.494126716750506 0.0116005250053526 1150
"345" 7 25 1260 0.462787875353439 0.3347873119145 1250
"346" 7 26 1380 0.429663065974531 0.187669920695251 1350
"347" 7 27 1500 0.293426481115602 0.15640782391254 1550
"348" 7 28 1620 0.311647845432664 0.146275937102489 1650
"349" 7 29 1740 0.348043192591645 0.141745540416712 1750
"350" 7 30 1860 0.398837178752581 0.327809451765255 1850
"351" 7 31 1980 0.354639146331619 0.36725525346894 1950
"352" 7 32 2100 0.207665019958139 0.344293436044565 2150
"353" 7 33 2220 0.177197401015042 0.183197082204368 2250
"354" 7 34 2340 0.00154421596428876 0.242499197505239 2350
"355" 7 35 2460 0.136661748166795 -0.0238936757511658 2450
"356" 7 36 2580 0.0272382064797044 0.0875875825685162 2550
"357" 7 37 2700 0.169344737127602 -0.0262752159745309 2750
"358" 7 38 2820 0.188499759901781 -0.142078740319803 2850
"359" 7 39 2940 0.235278543755191 -0.19881254254034 2950
"360" 7 40 3060 -0.00930202300810027 -0.0992950569656991 3050
"361" 7 41 3180 0.125178626224753 0.206162199609803 3150
"362" 7 42 3300 0.121760473497944 -0.207257926935209 3350
"363" 7 43 3420 0.0390183522196455 -0.194071213231541 3450
"364" 7 44 3540 0.181862923551546 -0.220046121312309 3550
"365" 7 45 3660 0.21873752977577 -0.161728838077025 3650
"366" 7 46 3780 0.237153086746455 -0.235142960297751 3750
"367" 7 47 3900 -0.0275345145085916 -0.0494756762806402 3950
"368" 7 48 4020 -0.0249098355883775 -0.0480015532405399 4050
"369" 7 49 4140 -0.113879447160849 -0.0817535233293543 4150
"370" 7 50 4260 -0.183177671169282 -0.149153279247043 4250
"371" 7 51 4380 -0.403868152148694 -0.19293088194663 4350
"372" 7 52 4500 -0.00969202788262761 -0.159500405469164 4550
"373" 7 53 4620 0.02868501528847 -0.147330176505589 4650
"374" 7 54 4740 0.133070664266758 -0.0964466693978578 4750
"375" 7 55 4860 -0.454882902619511 -0.144382845318514 4850
"376" 7 56 4980 -0.457138750289286 -0.176168398774996 4950
"377" 7 57 5100 -0.186251398882754 -0.030008438843887 5150
"378" 7 58 5220 -0.50728830042257 -0.433620461441887 5250
"379" 8 9 60 0.981698412645491 0.944176678251098 50
"380" 8 10 120 0.974960275227795 0.925995469888881 150
"381" 8 11 180 0.960140356308227 0.779767665703292 150
"382" 8 12 240 0.948588107101644 0.656935148108444 250
"383" 8 13 300 0.928078275353293 0.538118079878242 350
"384" 8 14 360 0.91178562327322 0.559765577811385 350
"385" 8 15 420 0.898620629088062 0.366081399503356 450
"386" 8 16 480 0.888888264835749 0.481817151572761 450
"387" 8 17 540 0.876227534765522 0.346873323570638 550
"388" 8 18 600 0.874755014677715 0.370213747626388 650
"389" 8 19 660 0.84652958599719 0.32350397199913 650
"390" 8 20 720 0.851930996755573 0.41672518768103 750
"391" 8 21 780 0.830979660556566 0.283349648511631 750
"392" 8 22 840 0.574431682220064 0.290191991954911 850
"393" 8 23 960 0.534167675202934 0.10624396843016 950
"394" 8 24 1080 0.461436381334268 -0.0717440275002654 1050
"395" 8 25 1200 0.397089093053736 0.00546885865167454 1250
"396" 8 26 1320 0.357510415387573 -0.0214260626399415 1350
"397" 8 27 1440 0.247592139761903 -0.063152709833703 1450
"398" 8 28 1560 0.264959791524302 -0.0828844956055727 1550
"399" 8 29 1680 0.312239843148393 -0.14500003494791 1650
"400" 8 30 1800 0.378189958474969 0.0581243194806205 1850
"401" 8 31 1920 0.387034766896943 0.175547126567899 1950
"402" 8 32 2040 0.233454968899735 0.211304817187552 2050
"403" 8 33 2160 0.230689596601462 0.0757810852672758 2150
"404" 8 34 2280 0.0501689733108839 0.165115814287638 2250
"405" 8 35 2400 0.150410873120162 0.0199712717541836 2450
"406" 8 36 2520 0.0506835757446883 0.039995048448992 2550
"407" 8 37 2640 0.194281782739072 0.00358476293516946 2650
"408" 8 38 2760 0.264431609147083 0.00452318651327704 2750
"409" 8 39 2880 0.282436768941779 -0.00421826670878196 2850
"410" 8 40 3000 0.107248981703244 0.097054121035331 3050
"411" 8 41 3120 0.122463602935305 0.3100605001528 3150
"412" 8 42 3240 0.192928253187056 0.18018962068273 3250
"413" 8 43 3360 0.108286973360791 0.325074328565603 3350
"414" 8 44 3480 0.25006920674908 0.538770569855933 3450
"415" 8 45 3600 0.158567954478748 0.461899964009818 3650
"416" 8 46 3720 0.0987697682402199 -0.167757592690013 3750
"417" 8 47 3840 -0.0727796636561257 -0.202485460487395 3850
"418" 8 48 3960 -0.0962452950065009 -0.164631756501133 3950
"419" 8 49 4080 -0.144745594786091 -0.138983094067376 4050
"420" 8 50 4200 -0.161581676377599 -0.154422908778968 4250
"421" 8 51 4320 -0.307509427604425 -0.173428798027119 4350
"422" 8 52 4440 0.0901664438696005 -0.272899320549108 4450
"423" 8 53 4560 0.133774966681562 -0.193148563892442 4550
"424" 8 54 4680 0.273667283658334 -0.161192686230722 4650
"425" 8 55 4800 -0.148062281365761 -0.176691563028839 4850
"426" 8 56 4920 -0.118855600304369 -0.25870088431507 4950
"427" 8 57 5040 0.024417955865305 -0.239954550006214 5050
"428" 8 58 5160 -0.131194831695532 -0.344386451830474 5150
"429" 9 10 60 0.981819440200303 0.920389232512985 50
"430" 9 11 120 0.963965805044334 0.851411784220204 150
"431" 9 12 180 0.959338811192187 0.675176594557731 150
"432" 9 13 240 0.95516506164065 0.569472894082703 250
"433" 9 14 300 0.931446249722072 0.588724103982446 350
"434" 9 15 360 0.925373335251642 0.373159817324587 350
"435" 9 16 420 0.915449029613236 0.482464447031702 450
"436" 9 17 480 0.894546264580972 0.358099226186932 450
"437" 9 18 540 0.893827371157585 0.469185392627713 550
"438" 9 19 600 0.866018498860208 0.326268093757356 650
"439" 9 20 660 0.865536034967792 0.410808098800314 650
"440" 9 21 720 0.858982911575759 0.26486437853842 750
"441" 9 22 780 0.600933494303359 0.32426497673733 750
"442" 9 23 900 0.527081606361388 0.271916676438998 950
"443" 9 24 1020 0.451674077154186 0.0841202405864233 1050
"444" 9 25 1140 0.320067913932536 0.126291035663071 1150
"445" 9 26 1260 0.242944908865356 0.0447805577817247 1250
"446" 9 27 1380 0.115097265677497 -0.070129424812843 1350
"447" 9 28 1500 0.122752051079881 -0.0312481270279 1550
"448" 9 29 1620 0.160298226681097 -0.104550483739882 1650
"449" 9 30 1740 0.281931803485504 0.0992668825173092 1750
"450" 9 31 1860 0.304330873237264 0.157606077969497 1850
"451" 9 32 1980 0.214287730943462 0.138567517850557 1950
"452" 9 33 2100 0.154983400486552 0.0152187731044199 2150
"453" 9 34 2220 0.0376179768935234 0.0394223983284198 2250
"454" 9 35 2340 0.12840128231623 -0.058296923807 2350
"455" 9 36 2460 0.0203754410745947 0.0106545085790656 2450
"456" 9 37 2580 0.170575566355885 0.000638693337089745 2550
"457" 9 38 2700 0.21054399649695 -0.136000569545322 2750
"458" 9 39 2820 0.257606133527701 -0.148884628383775 2850
"459" 9 40 2940 0.100347897844845 -0.13707597857336 2950
"460" 9 41 3060 0.342389875897014 0.0106759607625013 3050
"461" 9 42 3180 0.544366555895269 -0.226119599429253 3150
"462" 9 43 3300 0.358578970711584 -0.0901131140341397 3350
"463" 9 44 3420 0.400901887308282 0.144287405739731 3450
"464" 9 45 3540 0.405334079190076 0.319285101449535 3550
"465" 9 46 3660 0.286137099563197 -0.160100577448205 3650
"466" 9 47 3780 0.0810064627378481 -0.194361766446828 3750
"467" 9 48 3900 -0.00936171513254711 -0.203178588182666 3950
"468" 9 49 4020 -0.123155191378694 -0.21950338159494 4050
"469" 9 50 4140 -0.0797678318631927 -0.169204359340586 4150
"470" 9 51 4260 -0.284233164076179 -0.174383777407127 4250
"471" 9 52 4380 0.0771272431458136 -0.195208329373221 4350
"472" 9 53 4500 0.156142543945404 -0.21611800941103 4550
"473" 9 54 4620 0.277052589602142 -0.222700515872461 4650
"474" 9 55 4740 -0.149282094552716 -0.225910443657711 4750
"475" 9 56 4860 -0.165878841904874 -0.315081321886765 4850
"476" 9 57 4980 -0.0145123456089887 -0.385537796180505 4950
"477" 9 58 5100 -0.10441705808987 -0.344827042796987 5150
"478" 10 11 60 0.983491199031599 0.949980932573738 50
"479" 10 12 120 0.981489376293453 0.87219950454821 150
"480" 10 13 180 0.970131061223151 0.796960194359093 150
"481" 10 14 240 0.960825083068811 0.777087475707841 250
"482" 10 15 300 0.949422146879639 0.662956054333878 350
"483" 10 16 360 0.93461822657665 0.619912522482175 350
"484" 10 17 420 0.92231140686966 0.524771014607981 450
"485" 10 18 480 0.91688524137966 0.446017113276992 450
"486" 10 19 540 0.895347286694741 0.475470420696196 550
"487" 10 20 600 0.878044609376286 0.406109361644637 650
"488" 10 21 660 0.867098791857127 0.392328243432694 650
"489" 10 22 720 0.555832317453795 0.448110502584407 750
"490" 10 23 840 0.472321147610421 0.317663245596567 850
"491" 10 24 960 0.466607158574967 -0.0167669052517758 950
"492" 10 25 1080 0.345629680760484 0.312397429044757 1050
"493" 10 26 1200 0.297078509002063 0.163465754637918 1250
"494" 10 27 1320 0.233243257219876 0.0874235032566457 1350
"495" 10 28 1440 0.237112328287209 0.0350508030601385 1450
"496" 10 29 1560 0.255167154471723 0.0646793650522369 1550
"497" 10 30 1680 0.368177142801232 0.39867928584682 1650
"498" 10 31 1800 0.362502895607426 0.147550941520439 1850
"499" 10 32 1920 0.231187896154511 0.170145894466706 1950
"500" 10 33 2040 0.20935327272816 0.00829637610610516 2050
"501" 10 34 2160 0.0509261250661046 0.145239893657002 2150
"502" 10 35 2280 0.130702358955145 -0.023514450185597 2250
"503" 10 36 2400 0.0881584966813839 -0.0246662630663443 2450
"504" 10 37 2520 0.205092910652977 -0.00566589251892703 2550
"505" 10 38 2640 0.235420170406339 -0.119712780859607 2650
"506" 10 39 2760 0.265047365358025 -0.0198410916410647 2750
"507" 10 40 2880 0.0971819818181912 0.00121928491418942 2850
"508" 10 41 3000 0.3065430042448 0.157425954436083 3050
"509" 10 42 3120 0.386824044511045 -0.174365592151948 3150
"510" 10 43 3240 0.244422780481886 -0.0468682622843921 3250
"511" 10 44 3360 0.301867313865883 0.268805236353808 3350
"512" 10 45 3480 0.216169492150173 0.439357022819238 3450
"513" 10 46 3600 0.125174016106933 -0.137849279254964 3650
"514" 10 47 3720 -0.153974761840902 -0.208164499058809 3750
"515" 10 48 3840 -0.140875057086491 -0.254242664554075 3850
"516" 10 49 3960 -0.145185618408049 -0.196533491993454 3950
"517" 10 50 4080 -0.165204561941203 -0.28229407159713 4050
"518" 10 51 4200 -0.331232871732841 -0.242128455384682 4250
"519" 10 52 4320 -0.00569204257708912 -0.342025803142091 4350
"520" 10 53 4440 0.0135149255051641 -0.310760460793242 4450
"521" 10 54 4560 0.0207958766605872 -0.253313526206051 4550
"522" 10 55 4680 -0.436396695651607 -0.248211719162283 4650
"523" 10 56 4800 -0.432306152938275 -0.297887753677805 4850
"524" 10 57 4920 -0.151012606081031 -0.245937335307533 4950
"525" 10 58 5040 -0.346439519108232 -0.234801845740058 5050
"526" 11 12 60 0.979171469777984 0.881639960119952 50
"527" 11 13 120 0.982320297731817 0.838274187092775 150
"528" 11 14 180 0.970460949647239 0.81986308060313 150
"529" 11 15 240 0.967662192661032 0.736279937107477 250
"530" 11 16 300 0.955277480470727 0.663201743369268 350
"531" 11 17 360 0.943491483319922 0.565192525835307 350
"532" 11 18 420 0.936429435678994 0.584639894920143 450
"533" 11 19 480 0.909975021872036 0.511444901719374 450
"534" 11 20 540 0.898786295318776 0.533546799709096 550
"535" 11 21 600 0.900276308590516 0.431212143302273 650
"536" 11 22 660 0.573030644412993 0.501551033884157 650
"537" 11 23 780 0.466367898490064 0.549136513409622 750
"538" 11 24 900 0.466206527764051 0.27618850271438 950
"539" 11 25 1020 0.341303487656323 0.406346343030134 1050
"540" 11 26 1140 0.252421840699619 0.231616167760697 1150
"541" 11 27 1260 0.158855451858173 -0.0392350286739247 1250
"542" 11 28 1380 0.150314185053202 0.00124462799560818 1350
"543" 11 29 1500 0.184362243212758 -0.0482616437724615 1550
"544" 11 30 1620 0.26811194704675 0.203900068815315 1650
"545" 11 31 1740 0.311532290835751 0.103387855246002 1750
"546" 11 32 1860 0.155049923762845 0.0754361064808769 1850
"547" 11 33 1980 0.132893320200618 -0.0916758419035701 1950
"548" 11 34 2100 -0.0570355781704924 0.0860463490002323 2150
"549" 11 35 2220 0.0755455871140092 -0.094089741222785 2250
"550" 11 36 2340 -0.00708952569677985 0.0978493150373377 2350
"551" 11 37 2460 0.162018740404773 0.105184987509889 2450
"552" 11 38 2580 0.208922484681534 -0.0622725492894992 2550
"553" 11 39 2700 0.234098984171274 -0.0245445690770586 2750
"554" 11 40 2820 0.11615771758748 -0.0181454242525209 2850
"555" 11 41 2940 0.285566051043196 0.0199137326979449 2950
"556" 11 42 3060 0.345978311332904 -0.0870209896804718 3050
"557" 11 43 3180 0.24663483890965 0.0156199143640132 3150
"558" 11 44 3300 0.323059187677136 0.216733215185834 3350
"559" 11 45 3420 0.286371492857064 0.286031458955107 3450
"560" 11 46 3540 0.222877624606463 -0.217139839443229 3550
"561" 11 47 3660 -0.0343645571955279 -0.301469527751042 3650
"562" 11 48 3780 -0.0202827642116016 -0.245596315992547 3750
"563" 11 49 3900 -0.104503601032831 -0.31838630328909 3950
"564" 11 50 4020 -0.0795980493863984 -0.263898823423333 4050
"565" 11 51 4140 -0.268724226428092 -0.277987944527476 4150
"566" 11 52 4260 0.0833521498983457 -0.312476944437301 4250
"567" 11 53 4380 0.172392139573431 -0.286919077582797 4350
"568" 11 54 4500 0.305091987425281 -0.364314952129648 4550
"569" 11 55 4620 -0.113366268119486 -0.257821419971321 4650
"570" 11 56 4740 -0.128586592946211 -0.161434514892612 4750
"571" 11 57 4860 0.0166260583405106 -0.092551168562825 4850
"572" 11 58 4980 -0.0849839745419107 -0.116125993476758 4950
"573" 12 13 60 0.988838495053375 0.949406813796506 50
"574" 12 14 120 0.982697891519713 0.924871138272562 150
"575" 12 15 180 0.978489244940785 0.88572312389427 150
"576" 12 16 240 0.966677430305817 0.784681605460808 250
"577" 12 17 300 0.960209859062469 0.667631518493089 350
"578" 12 18 360 0.939668480183263 0.648236063241921 350
"579" 12 19 420 0.93457554606537 0.610299718637508 450
"580" 12 20 480 0.910395794095733 0.613639384014819 450
"581" 12 21 540 0.908307808603309 0.618067724293852 550
"582" 12 22 600 0.510414418840761 0.355656762563757 650
"583" 12 23 720 0.507021222043314 0.405135739999864 750
"584" 12 24 840 0.459437113693785 0.118971321067958 850
"585" 12 25 960 0.342236082940137 0.301573261431466 950
"586" 12 26 1080 0.273631678158703 0.26653694359 1050
"587" 12 27 1200 0.173172610126069 0.144246233178793 1250
"588" 12 28 1320 0.17069078601132 0.149968022340791 1350
"589" 12 29 1440 0.20119180554541 0.228113782582615 1450
"590" 12 30 1560 0.313510581780084 0.258740355435903 1550
"591" 12 31 1680 0.340875611570665 0.0984548941295798 1650
"592" 12 32 1800 0.225646770823601 0.143168122887276 1850
"593" 12 33 1920 0.221146774164582 0.0625246322614306 1950
"594" 12 34 2040 0.141277300279169 0.227889868030437 2050
"595" 12 35 2160 0.226763008692687 0.0245296530507079 2150
"596" 12 36 2280 0.197956771558205 0.315645163400253 2250
"597" 12 37 2400 0.330504885406092 0.241038716391942 2450
"598" 12 38 2520 0.36075054805848 0.284435269737739 2550
"599" 12 39 2640 0.370384751759687 0.409143819476132 2650
"600" 12 40 2760 0.223390909430404 0.532250211424808 2750
"601" 12 41 2880 0.225896371746323 0.684559612876444 2850
"602" 12 42 3000 0.222384516085033 0.474380129924615 3050
"603" 12 43 3120 0.062527899478427 0.587263532574067 3150
"604" 12 44 3240 0.168214772757514 0.716184827459318 3250
"605" 12 45 3360 0.100159472868644 -0.0277904970419846 3350
"606" 12 46 3480 0.137845321158968 -0.116372442570914 3450
"607" 12 47 3600 -0.10176789134655 -0.253682410956555 3650
"608" 12 48 3720 -0.0493219013548324 -0.00105737948931551 3750
"609" 12 49 3840 -0.107812365296088 -0.28463567243001 3850
"610" 12 50 3960 -0.157241626373441 -0.286492463817204 3950
"611" 12 51 4080 -0.307719470932576 -0.298790529895816 4050
"612" 12 52 4200 0.011074844685077 -0.350717223403029 4250
"613" 12 53 4320 0.114332250414632 -0.259987362330153 4350
"614" 12 54 4440 0.240282669053675 -0.300420942510772 4450
"615" 12 55 4560 -0.162671488242057 -0.20876229454079 4550
"616" 12 56 4680 -0.16261717613887 -0.333115383235453 4650
"617" 12 57 4800 0.0105612489171913 -0.0803132810124883 4850
"618" 12 58 4920 -0.174651737397134 -0.247582561959474 4950
"619" 13 14 60 0.985470482122628 0.975607538984807 50
"620" 13 15 120 0.985411274100036 0.866608945392855 150
"621" 13 16 180 0.977418643315676 0.86342169519705 150
"622" 13 17 240 0.967685771739126 0.769622101725347 250
"623" 13 18 300 0.952116930467965 0.729155811263782 350
"624" 13 19 360 0.940621856448072 0.729638882420344 350
"625" 13 20 420 0.93137690987983 0.779176570224625 450
"626" 13 21 480 0.930462482619685 0.743620993069891 450
"627" 13 22 540 0.466275699456897 0.515188759883273 550
"628" 13 23 660 0.391765348533043 0.374503081131903 650
"629" 13 24 780 0.346728071189753 0.257286247984002 750
"630" 13 25 900 0.287704084875037 0.284908437407217 950
"631" 13 26 1020 0.213116748536094 0.313479790165349 1050
"632" 13 27 1140 0.137551303632852 0.186290617174553 1150
"633" 13 28 1260 0.121763054345035 0.235602200583655 1250
"634" 13 29 1380 0.163240148581635 0.335631819355142 1350
"635" 13 30 1500 0.241867540951522 0.286421279433617 1550
"636" 13 31 1620 0.281235686692904 -0.00402148271497376 1650
"637" 13 32 1740 0.174086705158036 -0.0400889160789564 1750
"638" 13 33 1860 0.142997923704319 -0.0940578787210421 1850
"639" 13 34 1980 -0.0208825674299328 0.0370914386791008 1950
"640" 13 35 2100 0.105522978604797 -0.150879204679692 2150
"641" 13 36 2220 0.053877536278879 -0.0135824159321719 2250
"642" 13 37 2340 0.180787387515394 0.0296882881222145 2350
"643" 13 38 2460 0.194310264725651 -0.0171406597999968 2450
"644" 13 39 2580 0.226098530563428 0.0786822558973887 2550
"645" 13 40 2700 0.00283163571763763 0.171724452712346 2750
"646" 13 41 2820 0.208658472831468 0.16326313222049 2850
"647" 13 42 2940 0.256164921999877 -0.0479267328312374 2950
"648" 13 43 3060 0.172738199946676 0.0087023332262496 3050
"649" 13 44 3180 0.256832240379342 0.210133994072153 3150
"650" 13 45 3300 0.233647368660832 0.284005242726669 3350
"651" 13 46 3420 0.139890131697408 -0.234300113725424 3450
"652" 13 47 3540 -0.180121220121653 -0.393591760512245 3550
"653" 13 48 3660 -0.150538499620894 -0.0792698131970944 3650
"654" 13 49 3780 -0.26459170305713 -0.285978907849499 3750
"655" 13 50 3900 -0.233062065068897 -0.0756759006855031 3950
"656" 13 51 4020 -0.393332611340162 -0.215670781369213 4050
"657" 13 52 4140 -0.124737005318451 -0.143208318976384 4150
"658" 13 53 4260 -0.0858582637556914 -0.0696361303661687 4250
"659" 13 54 4380 -0.0975745281531423 -0.189417060800911 4350
"660" 13 55 4500 -0.563302624186937 -0.00864637491876139 4550
"661" 13 56 4620 -0.543004433628745 0.028270068477887 4650
"662" 13 57 4740 -0.123056035702811 -0.200476544861228 4750
"663" 13 58 4860 -0.312657439337457 -0.0365518301524933 4850
"664" 14 15 60 0.994115182435146 0.969418201655477 50
"665" 14 16 120 0.984105107796453 0.910575789694028 150
"666" 14 17 180 0.977952272442321 0.82191376174791 150
"667" 14 18 240 0.963987664957455 0.786636198568019 250
"668" 14 19 300 0.95670496232233 0.78745965424745 350
"669" 14 20 360 0.950962169604379 0.79903999107835 350
"670" 14 21 420 0.935599993938835 0.793115427218273 450
"671" 14 22 480 0.57738064923227 0.564123198925589 450
"672" 14 23 600 0.485630719195207 0.39438427644595 650
"673" 14 24 720 0.442488591849106 0.0825751253891301 750
"674" 14 25 840 0.346520914299993 0.353922928271127 850
"675" 14 26 960 0.286081978554067 0.377699313901326 950
"676" 14 27 1080 0.16439505824588 0.222335766196145 1050
"677" 14 28 1200 0.166358057643264 0.273301869465608 1250
"678" 14 29 1320 0.171458023877798 0.402937685367135 1350
"679" 14 30 1440 0.257523005688251 0.370973559889948 1450
"680" 14 31 1560 0.350705569757956 0.0392532113646872 1550
"681" 14 32 1680 0.211820488443791 0.00790760662386843 1650
"682" 14 33 1800 0.203121673750843 -0.127364588699837 1850
"683" 14 34 1920 0.0761522056841609 0.0220271005286093 1950
"684" 14 35 2040 0.154655406556771 -0.209608588558513 2050
"685" 14 36 2160 0.147581178863008 -0.0979251500028974 2150
"686" 14 37 2280 0.255930799827532 -0.0125416649872883 2250
"687" 14 38 2400 0.289724320188767 -0.0145015978438651 2450
"688" 14 39 2520 0.274422083154122 0.113378712842579 2550
"689" 14 40 2640 0.0978922100302994 0.31777238010413 2650
"690" 14 41 2760 0.276823662063704 0.337128895131018 2750
"691" 14 42 2880 0.306416740692951 0.0276502160263991 2850
"692" 14 43 3000 0.137431840190222 -0.0202062611407012 3050
"693" 14 44 3120 0.166583817361826 0.0403541620888521 3150
"694" 14 45 3240 0.100800592441924 -0.100268375462427 3250
"695" 14 46 3360 0.111618983466843 -0.202680870273543 3350
"696" 14 47 3480 -0.161675662534522 -0.273552294128281 3450
"697" 14 48 3600 -0.140051893433547 0.119805377404098 3650
"698" 14 49 3720 -0.171062696106797 -0.159506071153177 3750
"699" 14 50 3840 -0.202812252342856 -0.0370885869241933 3850
"700" 14 51 3960 -0.310918119994674 -0.327154614674813 3950
"701" 14 52 4080 -0.074603308270511 -0.31177398897785 4050
"702" 14 53 4200 -0.00751507109160578 -0.219483623877362 4250
"703" 14 54 4320 0.0707874705332492 -0.0427560898543009 4350
"704" 14 55 4440 -0.161434296924918 0.0753789346004912 4450
"705" 14 56 4560 -0.230683206676781 0.174239637829818 4550
"706" 14 57 4680 -0.00145523134474572 0.0775008513091542 4650
"707" 14 58 4800 -0.206108305267391 0.0382853156778598 4850
"708" 15 16 60 0.994485815968931 0.968917352513297 50
"709" 15 17 120 0.990299875154964 0.92323005235606 150
"710" 15 18 180 0.984225574218032 0.869303083067867 150
"711" 15 19 240 0.977293751962905 0.904480777160341 250
"712" 15 20 300 0.967971676614862 0.875482723924888 350
"713" 15 21 360 0.965001180385461 0.879632424814846 350
"714" 15 22 420 0.585276325855636 0.589662356306158 450
"715" 15 23 540 0.428276061757198 0.331953607480017 550
"716" 15 24 660 0.365213717682138 0.338181327320706 650
"717" 15 25 780 0.235238093039809 0.186820228588634 750
"718" 15 26 900 0.150163551991397 0.150689440184397 950
"719" 15 27 1020 0.0297075768043036 -0.126870565680474 1050
"720" 15 28 1140 0.0124624325540608 -0.102000081824884 1150
"721" 15 29 1260 0.0742161825751221 -0.0684994313315016 1250
"722" 15 30 1380 0.185443110249675 -0.0286876495697673 1350
"723" 15 31 1500 0.350581575593772 -0.15742087129223 1550
"724" 15 32 1620 0.234493978612362 -0.15793061839639 1650
"725" 15 33 1740 0.247408536490273 -0.158371790702052 1750
"726" 15 34 1860 0.102939801207537 -0.148839028806795 1850
"727" 15 35 1980 0.176713176923413 -0.17445567393433 1950
"728" 15 36 2100 0.0966923771893392 -0.114683847160236 2150
"729" 15 37 2220 0.2049444863494 -0.110916956417622 2250
"730" 15 38 2340 0.236507579678684 -0.0402775725102819 2350
"731" 15 39 2460 0.23865181007227 0.0285620891615547 2450
"732" 15 40 2580 0.107609489295434 0.245277416575333 2550
"733" 15 41 2700 0.372268879184032 0.475014948204485 2750
"734" 15 42 2820 0.410384005110463 0.156018978238384 2850
"735" 15 43 2940 0.296766775883088 0.117037930938026 2950
"736" 15 44 3060 0.312467569249412 0.173225281891112 3050
"737" 15 45 3180 0.269372957871875 0.170023060175429 3150
"738" 15 46 3300 -0.0116083495291423 -0.0691059975511581 3350
"739" 15 47 3420 0.0751970194242889 -0.137655868014786 3450
"740" 15 48 3540 -0.196121655409266 0.169235962901989 3550
"741" 15 49 3660 -0.238022612885771 -0.0771706573802537 3650
"742" 15 50 3780 -0.117364366688933 0.0488899680587512 3750
"743" 15 51 3900 -0.231321316894056 -0.239568073985897 3950
"744" 15 52 4020 0.000773578154261193 -0.24093330979209 4050
"745" 15 53 4140 0.105522972470817 -0.154023222214971 4150
"746" 15 54 4260 0.214183244399135 0.0708372766139782 4250
"747" 15 55 4380 -0.126046218805304 0.137495799925371 4350
"748" 15 56 4500 -0.137859785234049 0.149928795769698 4550
"749" 15 57 4620 0.0381084017683322 0.0644304056451909 4650
"750" 15 58 4740 -0.0835116177162893 0.0403103064225992 4750
"751" 16 17 60 0.989602494126263 0.968258363823023 50
"752" 16 18 120 0.982837335724592 0.970265951012071 150
"753" 16 19 180 0.976973590548673 0.955874956950196 150
"754" 16 20 240 0.971662314266306 0.960635900880408 250
"755" 16 21 300 0.952332691515335 0.940328867584602 350
"756" 16 22 360 0.60794430678059 0.607305558369478 350
"757" 16 23 480 0.500480739240041 0.406607875859182 450
"758" 16 24 600 0.439444862853693 0.104141646614584 650
"759" 16 25 720 0.346223911231142 0.190078035244264 750
"760" 16 26 840 0.298954149051904 0.379288775759715 850
"761" 16 27 960 0.200647936474195 0.127087036603974 950
"762" 16 28 1080 0.179435592459659 0.167720689007849 1050
"763" 16 29 1200 0.241601163883043 0.224289706400326 1250
"764" 16 30 1320 0.295149355002363 0.128960516433158 1350
"765" 16 31 1440 0.344932373082696 -0.044444100794545 1450
"766" 16 32 1560 0.175114304781615 0.0137014412888002 1550
"767" 16 33 1680 0.179070543218734 -0.111876450891886 1650
"768" 16 34 1800 0.092740144727128 -0.00337157508046595 1850
"769" 16 35 1920 0.188535758546398 -0.18646481246656 1950
"770" 16 36 2040 0.150145742556261 -0.0671130022521219 2050
"771" 16 37 2160 0.296928031464278 -0.0512588650176658 2150
"772" 16 38 2280 0.31246468505506 -0.00832736696014863 2250
"773" 16 39 2400 0.329486531648582 0.0781714668398516 2450
"774" 16 40 2520 0.163143072506363 0.225950768793594 2550
"775" 16 41 2640 0.314574283017474 0.238124522830855 2650
"776" 16 42 2760 0.239583456626213 0.0068779264371308 2750
"777" 16 43 2880 0.0603983071518819 -0.00901666455414425 2850
"778" 16 44 3000 0.0892031802777301 -0.092725439007347 3050
"779" 16 45 3120 0.0874153643430221 -0.147846471789514 3150
"780" 16 46 3240 0.0854706511877039 -0.216888085995961 3250
"781" 16 47 3360 -0.0403775440926682 -0.219379170997147 3350
"782" 16 48 3480 -0.114516896791946 0.247817752906574 3450
"783" 16 49 3600 -0.190118460156702 -0.0567054815809042 3650
"784" 16 50 3720 -0.206479227893557 0.11610648315951 3750
"785" 16 51 3840 -0.300849689854429 -0.27847457271428 3850
"786" 16 52 3960 -0.0632637862049956 -0.253186690307714 3950
"787" 16 53 4080 0.0374534161605441 -0.278990616631881 4050
"788" 16 54 4200 0.121445840267763 -0.0475115632329051 4250
"789" 16 55 4320 -0.223228457968947 0.127837572691667 4350
"790" 16 56 4440 -0.221663690347963 0.0868349028121018 4450
"791" 16 57 4560 0.0137527199420833 -0.142946580634551 4550
"792" 16 58 4680 -0.234027854361952 0.00757320079316829 4650
"793" 17 18 60 0.980951860198233 0.989903143604926 50
"794" 17 19 120 0.990833035484672 0.986750532167114 150
"795" 17 20 180 0.979931088799694 0.976335020516215 150
"796" 17 21 240 0.974880489697354 0.956747706442424 250
"797" 17 22 300 0.521694941371546 0.464467516734521 350
"798" 17 23 420 0.381676271184789 0.309776070562243 450
"799" 17 24 540 0.356360780796461 0.293602695075818 550
"800" 17 25 660 0.2287602119466 0.0713405456221646 650
"801" 17 26 780 0.128975701440292 0.326163193182001 750
"802" 17 27 900 0.0477126319743216 0.0939298139533024 950
"803" 17 28 1020 0.0332914242970266 0.0908693919740134 1050
"804" 17 29 1140 0.11916840385721 0.133328754268305 1150
"805" 17 30 1260 0.188681793476168 -0.0128640617883712 1250
"806" 17 31 1380 0.25848076202231 -0.129313543689287 1350
"807" 17 32 1500 0.135128971944165 -0.130103610754098 1550
"808" 17 33 1620 0.125839274434833 -0.155981015878937 1650
"809" 17 34 1740 -0.0387534743018241 -0.0702674868665077 1750
"810" 17 35 1860 0.0774783403094955 -0.211243286988784 1850
"811" 17 36 1980 0.0944590046519861 -0.0738781905405241 1950
"812" 17 37 2100 0.15891816664524 -0.0784682041116961 2150
"813" 17 38 2220 0.185660541933766 -0.0384700952485517 2250
"814" 17 39 2340 0.183121911767354 0.0917061557902247 2350
"815" 17 40 2460 0.0588257083011437 0.286350180717314 2450
"816" 17 41 2580 0.286516550927889 0.476860117785207 2550
"817" 17 42 2700 0.350233135726856 0.0518646324345855 2750
"818" 17 43 2820 0.246697380112295 0.0788971017665711 2850
"819" 17 44 2940 0.289481617185838 0.177724858540696 2950
"820" 17 45 3060 0.27640462587869 0.183824527561847 3050
"821" 17 46 3180 0.156348540158523 -0.214496445526685 3150
"822" 17 47 3300 -0.0120502139339442 -0.315647075455083 3350
"823" 17 48 3420 -0.0990237798057891 0.0762448638186358 3450
"824" 17 49 3540 -0.195572400956687 -0.123297053673258 3550
"825" 17 50 3660 -0.18006645234471 0.0942889702597555 3650
"826" 17 51 3780 -0.270665087027648 -0.253333035519567 3750
"827" 17 52 3900 -0.0578875384452213 -0.226394044341224 3950
"828" 17 53 4020 0.0147269458343838 -0.263144702132996 4050
"829" 17 54 4140 0.0630108329051291 -0.0766004192096067 4150
"830" 17 55 4260 -0.223843384450551 0.129967566143849 4250
"831" 17 56 4380 -0.223847174697358 0.144984586505924 4350
"832" 17 57 4500 0.00103739603826767 -0.192690316022789 4550
"833" 17 58 4620 -0.158385198101562 -0.00264731507278539 4650
"834" 18 19 60 0.982646493488887 0.989172482808032 50
"835" 18 20 120 0.982356678299924 0.982182767224736 150
"836" 18 21 180 0.97181544761811 0.961848533409589 150
"837" 18 22 240 0.690792534560019 0.539057044514906 250
"838" 18 23 360 0.510453539183803 0.403972200004013 350
"839" 18 24 480 0.339408276315039 0.257482292581948 450
"840" 18 25 600 0.24376071353421 -0.0262085044348351 650
"841" 18 26 720 0.178670900235466 0.213937600112687 750
"842" 18 27 840 0.146684872402312 0.0509327065139774 850
"843" 18 28 960 0.13230566134511 0.0976321113076734 950
"844" 18 29 1080 0.229437940538519 0.107487823505812 1050
"845" 18 30 1200 0.30419623055782 -0.0604381401325531 1250
"846" 18 31 1320 0.390168930096918 -0.237332695605487 1350
"847" 18 32 1440 0.223605241527556 -0.184402009120879 1450
"848" 18 33 1560 0.203995461644445 -0.28813594218517 1550
"849" 18 34 1680 0.046380850798297 -0.127431603165336 1650
"850" 18 35 1800 0.112523378684193 -0.238389279670748 1850
"851" 18 36 1920 0.130288070868085 -0.0688538700924178 1950
"852" 18 37 2040 0.204180153465873 -0.100595786450612 2050
"853" 18 38 2160 0.211285879973243 -0.147343892426324 2150
"854" 18 39 2280 0.16496444268217 0.0410219341782058 2250
"855" 18 40 2400 -0.041808108520154 0.348117433788186 2450
"856" 18 41 2520 0.210042787000332 0.428737133186476 2550
"857" 18 42 2640 0.274809003732863 0.0400713675834774 2650
"858" 18 43 2760 0.226789661888401 -0.105855516831458 2750
"859" 18 44 2880 0.242465936810307 0.223935500856308 2850
"860" 18 45 3000 0.206882540897611 0.147644454474012 3050
"861" 18 46 3120 0.0888083043397052 -0.285551797885267 3150
"862" 18 47 3240 -0.0452842005427599 -0.417058368921951 3250
"863" 18 48 3360 -0.15579766665643 -0.0138354752372376 3350
"864" 18 49 3480 -0.231442890455124 -0.172213596210314 3450
"865" 18 50 3600 -0.220447687919644 0.0620947862872119 3650
"866" 18 51 3720 -0.291911372598986 -0.407086641330392 3750
"867" 18 52 3840 -0.0922140366395421 -0.337713621464767 3850
"868" 18 53 3960 -0.101829949042749 -0.328661873701795 3950
"869" 18 54 4080 -0.159692352365845 -0.0905088809018585 4050
"870" 18 55 4200 -0.0756743311613943 0.0428543171668524 4250
"871" 18 56 4320 -0.056430443522929 0.0739173577138037 4350
"872" 18 57 4440 0.0201249772514182 -0.217679570934988 4450
"873" 18 58 4560 -0.201013050857689 -0.0776728465547517 4550
"874" 19 20 60 0.99355428909717 0.994328340329215 50
"875" 19 21 120 0.991673823575001 0.981927953354689 150
"876" 19 22 180 0.50815084967435 0.51726893308902 150
"877" 19 23 300 0.412190590008741 0.337096565828314 350
"878" 19 24 420 0.345855427549553 0.28155567500229 450
"879" 19 25 540 0.318725773698246 0.0685683019796922 550
"880" 19 26 660 0.249720999439608 0.357090326453899 650
"881" 19 27 780 0.131121219384398 0.120393727193362 750
"882" 19 28 900 0.0917029660788448 0.118563391141068 950
"883" 19 29 1020 0.187779130457087 0.165971712753802 1050
"884" 19 30 1140 0.264333478642106 -0.0107970312152195 1150
"885" 19 31 1260 0.313550699458189 -0.148406164191233 1250
"886" 19 32 1380 0.192984795933273 -0.126099735348625 1350
"887" 19 33 1500 0.181471000037429 -0.172263366852228 1550
"888" 19 34 1620 0.0809241510490964 -0.0791867742553985 1650
"889" 19 35 1740 0.177257238373402 -0.232295846417053 1750
"890" 19 36 1860 0.255774445741197 -0.0866535040146743 1850
"891" 19 37 1980 0.296842449503703 -0.0915223172697276 1950
"892" 19 38 2100 0.292981258292159 -0.087078571484242 2150
"893" 19 39 2220 0.28281191079476 0.0663983172689183 2250
"894" 19 40 2340 0.123550511490122 0.271062155170352 2350
"895" 19 41 2460 0.322282910808079 0.413788092898999 2450
"896" 19 42 2580 0.276859152971267 -0.0463185749468477 2550
"897" 19 43 2700 0.0918877810243793 -0.135418579112626 2750
"898" 19 44 2820 0.134090458943558 -0.045980727494481 2850
"899" 19 45 2940 0.162738489287759 -0.121431141224264 2950
"900" 19 46 3060 0.101957188821853 -0.247286660527962 3050
"901" 19 47 3180 -0.00760562141502318 -0.288745304135722 3150
"902" 19 48 3300 -0.132354081721857 0.15175227188132 3350
"903" 19 49 3420 -0.183986925788925 -0.0659389794292159 3450
"904" 19 50 3540 -0.274634794067635 0.083967785491396 3550
"905" 19 51 3660 -0.303601720969975 -0.290875607864745 3650
"906" 19 52 3780 -0.105109251552787 -0.25277847229794 3750
"907" 19 53 3900 -0.0727071335608491 -0.279552734567677 3950
"908" 19 54 4020 -0.157148366446563 0.0243092146446068 4050
"909" 19 55 4140 -0.589184915044269 0.106596203339623 4150
"910" 19 56 4260 -0.608435404462557 0.143826385797486 4250
"911" 19 57 4380 -0.0757731888646893 0.303307053973514 4350
"912" 19 58 4500 -0.733073176171235 0.0749444615405367 4550
"913" 20 21 60 0.988129470314888 0.990513447624363 50
"914" 20 22 120 0.703858420166379 0.544925538484393 150
"915" 20 23 240 0.576155593426726 0.383388084699358 250
"916" 20 24 360 0.422719355543774 0.171739310925158 350
"917" 20 25 480 0.305171105347716 -0.0713690325548549 450
"918" 20 26 600 0.230035156636014 0.286894183092238 650
"919" 20 27 720 0.176124088640553 0.0889449800723824 750
"920" 20 28 840 0.112239836008609 0.112513514853265 850
"921" 20 29 960 0.222841000193111 0.159674287644832 950
"922" 20 30 1080 0.25879390958095 -0.150741959020709 1050
"923" 20 31 1200 0.324618031761884 -0.266773428352817 1250
"924" 20 32 1320 0.133067337222189 -0.217707288060128 1350
"925" 20 33 1440 0.175066630920573 -0.279165372045826 1450
"926" 20 34 1560 0.0748786544886351 -0.1540426900171 1550
"927" 20 35 1680 0.142951063465044 -0.242714623460402 1650
"928" 20 36 1800 0.170625161168644 -0.0714849058706017 1850
"929" 20 37 1920 0.221395791269381 -0.130289580421316 1950
"930" 20 38 2040 0.227467443470869 -0.124873433907512 2050
"931" 20 39 2160 0.196356160573121 0.0257881407947254 2150
"932" 20 40 2280 0.0294462799145635 0.213150518455852 2250
"933" 20 41 2400 0.275367285350168 0.343552678880541 2450
"934" 20 42 2520 0.317525390048301 0.0502392034392234 2550
"935" 20 43 2640 0.268426690603413 0.0537322013195869 2650
"936" 20 44 2760 0.295992164067903 0.308235794951923 2750
"937" 20 45 2880 0.305359591967269 0.315035100363355 2850
"938" 20 46 3000 0.158727279058221 -0.287255616428456 3050
"939" 20 47 3120 0.0218488819686956 -0.394923442311064 3150
"940" 20 48 3240 -0.11021458022011 -0.0037123095612414 3250
"941" 20 49 3360 -0.222147624737593 -0.169513932178321 3350
"942" 20 50 3480 -0.210709101751274 0.0827194713533716 3450
"943" 20 51 3600 -0.0691969611067327 -0.241522850253839 3650
"944" 20 52 3720 -0.0435678145940149 -0.177839805236705 3750
"945" 20 53 3840 -0.030891122691808 -0.228367768479052 3850
"946" 20 54 3960 -0.0965974221488035 -0.0451164670857672 3950
"947" 20 55 4080 -0.0206842647310929 0.0780869226906938 4050
"948" 20 56 4200 -0.00202698273556664 0.113855763068788 4250
"949" 20 57 4320 0.0884992664370991 -0.125371273622904 4350
"950" 20 58 4440 -0.248300952919653 -0.0484705271054662 4450
"951" 21 22 60 0.484972571323463 0.63389663310642 50
"952" 21 23 180 0.41289787936884 0.389125862740484 150
"953" 21 24 300 0.309499855847869 0.11781645730298 350
"954" 21 25 420 0.22581837089029 0.0030437554294878 450
"955" 21 26 540 0.109321898643257 0.316267059655462 550
"956" 21 27 660 -0.00548717276360364 0.159288638215725 650
"957" 21 28 780 -0.0271379341419712 0.210479517519352 750
"958" 21 29 900 0.0707328231600281 0.275508305967417 950
"959" 21 30 1020 0.0952065471683737 0.0330979498969794 1050
"960" 21 31 1140 0.294811768286033 -0.123084106069688 1150
"961" 21 32 1260 0.190406731026171 -0.100323784436575 1250
"962" 21 33 1380 0.193886785183974 -0.164913988040321 1350
"963" 21 34 1500 0.0897730337811434 -0.124763087379787 1550
"964" 21 35 1620 0.205837180413855 -0.263544983721991 1650
"965" 21 36 1740 0.209369486191704 -0.15832700913377 1750
"966" 21 37 1860 0.232153535529931 -0.102977880757297 1850
"967" 21 38 1980 0.246467747488431 -0.123651047940651 1950
"968" 21 39 2100 0.332724851228045 0.0494806465175967 2150
"969" 21 40 2220 0.0621148849346531 0.116619775881567 2250
"970" 21 41 2340 0.327961605453152 0.0863325642213195 2350
"971" 21 42 2460 0.227738432990669 -0.0976085148033286 2450
"972" 21 43 2580 0.0327151778519851 -0.155497048006563 2550
"973" 21 44 2700 0.00974736912997606 -0.204112859547188 2750
"974" 21 45 2820 0.0832893852783647 -0.259672110680465 2850
"975" 21 46 2940 -0.408188697794611 -0.363466549592198 2950
"976" 21 47 3060 0.00899947444239628 -0.372931761758093 3050
"977" 21 48 3180 -0.346282797665705 0.129708133019569 3150
"978" 21 49 3300 -0.378023416273998 -0.0862242911026844 3350
"979" 21 50 3420 -0.33070341254483 0.122118257466146 3450
"980" 21 51 3540 -0.309419404296604 -0.280303193262465 3550
"981" 21 52 3660 -0.191732663804006 -0.202886864358299 3650
"982" 21 53 3780 -0.258218190902579 -0.301975576423328 3750
"983" 21 54 3900 -0.199808181287229 0.0183729149627043 3950
"984" 21 55 4020 -0.276801566840691 0.0479141349926032 4050
"985" 21 56 4140 -0.277899800231843 0.0897825633590454 4150
"986" 21 57 4260 0.164214265900134 0.0781937213886025 4250
"987" 21 58 4380 -0.251381112345804 -0.0644056370555261 4350
"988" 22 23 120 0.973956072895196 0.920816118282782 150
"989" 22 24 240 0.889040630125084 0.700652503050418 250
"990" 22 25 360 0.764930461176652 0.64714392219798 350
"991" 22 26 480 0.692676459137987 0.525984014663183 450
"992" 22 27 600 0.496618592463822 0.0332899067893679 650
"993" 22 28 720 0.348079756067013 0.104787193805195 750
"994" 22 29 840 0.462403666037386 0.0347962794343351 850
"995" 22 30 960 0.476821618856144 0.123098652904158 950
"996" 22 31 1080 0.444693574341509 0.0188236935764188 1050
"997" 22 32 1200 0.335426171318486 0.0228446898493838 1250
"998" 22 33 1320 0.229059995700618 -0.126019347936688 1350
"999" 22 34 1440 0.190933815675268 0.0832898937720164 1450
"1000" 22 35 1560 0.151042420634594 -0.171029356383697 1550
"1001" 22 36 1680 0.0731321359481552 -0.0881966250642733 1650
"1002" 22 37 1800 0.113373828912434 -0.0652581339685527 1850
"1003" 22 38 1920 0.128631228216505 -0.256571095524562 1950
"1004" 22 39 2040 0.239491396704754 -0.158773420153832 2050
"1005" 22 40 2160 0.256968538938188 -0.100609097685162 2150
"1006" 22 41 2280 0.145939866249726 -0.103736235395698 2250
"1007" 22 42 2400 0.135793098097739 -0.293394388482167 2450
"1008" 22 43 2520 -0.0289673276992763 -0.240392988210984 2550
"1009" 22 44 2640 -0.0546870028231567 -0.13769618677678 2650
"1010" 22 45 2760 -0.0232964522112452 -0.18434876494676 2750
"1011" 22 46 2880 -0.0533708112386002 -0.245719703251982 2850
"1012" 22 47 3000 -0.0517041221745056 -0.156725680542269 3050
"1013" 22 48 3120 -0.109239506745849 -0.0890690121180743 3150
"1014" 22 49 3240 -0.190378519080513 -0.173301394425179 3250
"1015" 22 50 3360 -0.000733670550260393 -0.0547214109876802 3350
"1016" 22 51 3480 -0.187660809944947 -0.255115168537171 3450
"1017" 22 52 3600 -0.051245518190358 -0.215306249650836 3650
"1018" 22 53 3720 0.0344365452009169 -0.250412201742079 3750
"1019" 22 54 3840 0.125215050424601 -0.0901802112730824 3850
"1020" 22 55 3960 -0.129197387316978 -0.0253158379988274 3950
"1021" 22 56 4080 -0.149399543328229 -0.131691175945072 4050
"1022" 22 57 4200 -0.175461575541383 -0.277760849712918 4250
"1023" 22 58 4320 -0.226444982217263 -0.369034960802817 4350
"1024" 23 24 120 0.96485605378342 0.870674291545184 150
"1025" 23 25 240 0.89663424921161 0.695344313854477 250
"1026" 23 26 360 0.815263584099489 0.562443770711729 350
"1027" 23 27 480 0.685413364557405 0.165732650840406 450
"1028" 23 28 600 0.494310972840358 0.32163334937543 650
"1029" 23 29 720 0.4952054734416 0.151389125404286 750
"1030" 23 30 840 0.552491201439839 0.213120328486821 850
"1031" 23 31 960 0.370458405204464 0.0975540446703099 950
"1032" 23 32 1080 0.270263575091308 0.0806521704967739 1050
"1033" 23 33 1200 0.126925367584215 0.0210187150736857 1250
"1034" 23 34 1320 0.154022851289526 0.14819634094052 1350
"1035" 23 35 1440 0.113885309707728 -0.0596430967524049 1450
"1036" 23 36 1560 0.0110655055894066 0.102907712281843 1550
"1037" 23 37 1680 0.122073901779647 0.106802326863718 1650
"1038" 23 38 1800 0.154827426762564 -0.0225245215167752 1850
"1039" 23 39 1920 0.231554723964667 0.10107780832552 1950
"1040" 23 40 2040 0.225674153030156 0.12155829035789 2050
"1041" 23 41 2160 0.119035203782672 0.0869924333175933 2150
"1042" 23 42 2280 0.0455272512104799 -0.12274070401954 2250
"1043" 23 43 2400 -0.118215223135461 -0.17491855407899 2450
"1044" 23 44 2520 -0.164438197066571 -0.0819730257604186 2550
"1045" 23 45 2640 -0.142473380109756 -0.13642313349398 2650
"1046" 23 46 2760 -0.123243246944605 -0.288943371094966 2750
"1047" 23 47 2880 -0.119603729227409 -0.305223661777114 2850
"1048" 23 48 3000 -0.0959822928306912 -0.321426084826806 3050
"1049" 23 49 3120 -0.184788617852805 -0.274102634954466 3150
"1050" 23 50 3240 -0.0355065491695809 -0.269295395627933 3250
"1051" 23 51 3360 -0.159721627780009 -0.0678160567693344 3350
"1052" 23 52 3480 -0.00603677165210409 0.0642331999613076 3450
"1053" 23 53 3600 0.0743833785725978 -0.0162661310527869 3650
"1054" 23 54 3720 0.133910970730855 -0.0161343642497453 3750
"1055" 23 55 3840 -0.142406880711954 0.128133561219809 3850
"1056" 23 56 3960 -0.115033335014536 0.174413596484838 3950
"1057" 23 57 4080 -0.135610754048611 -0.140456010691878 4050
"1058" 23 58 4200 -0.19239361284062 -0.119939069353929 4250
"1059" 24 25 120 0.972312407786764 0.830787241557737 150
"1060" 24 26 240 0.896535434633004 0.522909629796458 250
"1061" 24 27 360 0.766735426833543 0.338771104924961 350
"1062" 24 28 480 0.555384684270115 0.37318711275701 450
"1063" 24 29 600 0.542523802437592 0.120524237666418 650
"1064" 24 30 720 0.566196558408149 0.236082394878854 750
"1065" 24 31 840 0.362141019085733 0.230224748146994 850
"1066" 24 32 960 0.232550172337607 0.108490977021121 950
"1067" 24 33 1080 0.0846577355424504 0.172438993937958 1050
"1068" 24 34 1200 0.13781230848216 0.0905379334790433 1250
"1069" 24 35 1320 0.109371222348895 -0.0404841454008171 1350
"1070" 24 36 1440 0.0433880209977176 0.0620875851330606 1450
"1071" 24 37 1560 0.14379362584796 0.0234771745413305 1550
"1072" 24 38 1680 0.158684128646348 -0.144407005460868 1650
"1073" 24 39 1800 0.218507282238821 -0.0803346910722351 1850
"1074" 24 40 1920 0.206190178507442 -0.0819296437879574 1950
"1075" 24 41 2040 0.0904942243339909 0.017063909118991 2050
"1076" 24 42 2160 -0.0377770546224301 -0.0629382900399084 2150
"1077" 24 43 2280 -0.159296870071817 -0.103767779163511 2250
"1078" 24 44 2400 -0.243002819059711 -0.061845650912961 2450
"1079" 24 45 2520 -0.211558461461577 -0.157904618894481 2550
"1080" 24 46 2640 -0.103081111526633 -0.217633349824418 2650
"1081" 24 47 2760 -0.174398396396361 -0.278145538903089 2750
"1082" 24 48 2880 -0.164376383507834 -0.298609601054049 2850
"1083" 24 49 3000 -0.21146642657373 -0.327661226683613 3050
"1084" 24 50 3120 0.00619268648929574 -0.230664891685253 3150
"1085" 24 51 3240 -0.123189465007272 -0.0856368694940354 3250
"1086" 24 52 3360 -0.0478594663612085 0.00642213493776532 3350
"1087" 24 53 3480 0.0911334401145894 -0.0374917753307257 3450
"1088" 24 54 3600 0.165489278092394 -0.066376352380747 3650
"1089" 24 55 3720 -0.237864335854796 0.0391954611386741 3750
"1090" 24 56 3840 -0.234205411501953 0.0196550845078157 3850
"1091" 24 57 3960 -0.129725582826146 -0.121006797168164 3950
"1092" 24 58 4080 -0.181943344160895 0.10148031500192 4050
"1093" 25 26 120 0.960117792183712 0.798380269462984 150
"1094" 25 27 240 0.826601533805162 0.66533635217673 250
"1095" 25 28 360 0.633006137802043 0.634590912480284 350
"1096" 25 29 480 0.543633475950137 0.503219438057534 450
"1097" 25 30 600 0.475543268375431 0.546338603722727 650
"1098" 25 31 720 0.221829664129299 0.387983546577383 750
"1099" 25 32 840 0.0384902540895286 0.314878461297963 850
"1100" 25 33 960 -0.0283964027180962 0.216780137197516 950
"1101" 25 34 1080 0.0229347506087976 0.214592733730341 1050
"1102" 25 35 1200 0.0299075626139346 0.0559588253601172 1250
"1103" 25 36 1320 -0.0643462950378498 0.090285891048144 1350
"1104" 25 37 1440 0.0803429256694988 0.131204032077066 1450
"1105" 25 38 1560 0.102801554257087 -0.124986965549474 1550
"1106" 25 39 1680 0.194338111032733 -0.0951335132443478 1650
"1107" 25 40 1800 0.199822842500707 -0.126718344576176 1850
"1108" 25 41 1920 0.160775755378795 -0.0657578007517017 1950
"1109" 25 42 2040 -0.16942218982733 -0.0457382549689955 2050
"1110" 25 43 2160 -0.198831783490626 -0.0679960367775646 2150
"1111" 25 44 2280 -0.265218557041042 0.0266991224860007 2250
"1112" 25 45 2400 -0.183446428643734 -0.110293103317544 2450
"1113" 25 46 2520 -0.215721244982614 -0.177471331999333 2550
"1114" 25 47 2640 -0.223217247419399 -0.108228878813072 2650
"1115" 25 48 2760 -0.154472293927641 -0.236501970253198 2750
"1116" 25 49 2880 -0.297277527527943 -0.288238862675746 2850
"1117" 25 50 3000 -0.152484748742297 -0.265747951502943 3050
"1118" 25 51 3120 -0.3547867776091 -0.146774795009029 3150
"1119" 25 52 3240 -0.277232441811227 -0.111783364664316 3250
"1120" 25 53 3360 -0.239283468861805 -0.179355112781611 3350
"1121" 25 54 3480 -0.244305342346127 -0.121577541204386 3450
"1122" 25 55 3600 -0.448690751311792 -0.0959533789471414 3650
"1123" 25 56 3720 -0.380935324746437 -0.0476749790007079 3750
"1124" 25 57 3840 -0.273309102105102 -0.141891250885049 3850
"1125" 25 58 3960 -0.378499366594131 -0.0207731078166253 3950
"1126" 26 27 120 0.946702630640959 0.963282197422341 150
"1127" 26 28 240 0.793050201057226 0.929079563976424 250
"1128" 26 29 360 0.697350195355744 0.824359730506126 350
"1129" 26 30 480 0.601151239735562 0.465634467343796 450
"1130" 26 31 600 0.352943648737843 0.308486083406978 650
"1131" 26 32 720 0.159185636899615 0.223509419361987 750
"1132" 26 33 840 0.0330470680415113 0.159623211105657 850
"1133" 26 34 960 0.0900109754088661 0.137117328782271 950
"1134" 26 35 1080 0.0356002539972561 0.00619849835839333 1050
"1135" 26 36 1200 -0.0616004830799223 0.0998272862982063 1250
"1136" 26 37 1320 0.0550048338048723 0.112256794672123 1350
"1137" 26 38 1440 0.0510780796579149 0.00181341083691778 1450
"1138" 26 39 1560 0.157016636937248 0.0758818157150931 1550
"1139" 26 40 1680 0.177907793704905 0.0450442760243672 1650
"1140" 26 41 1800 0.0118724574171647 0.196800739649935 1850
"1141" 26 42 1920 -0.264988323468123 0.0404752922459669 1950
"1142" 26 43 2040 -0.308075389501406 0.12818498461901 2050
"1143" 26 44 2160 -0.381777951949329 0.259038247853247 2150
"1144" 26 45 2280 -0.408245112336319 -0.149711036772203 2250
"1145" 26 46 2400 -0.347897648371572 -0.169271937073067 2450
"1146" 26 47 2520 -0.352452143181409 -0.0851597179090138 2550
"1147" 26 48 2640 -0.236943631197297 -0.172140061672795 2650
"1148" 26 49 2760 -0.337778002507275 -0.188312710686406 2750
"1149" 26 50 2880 -0.206104620617888 -0.154618019690172 2850
"1150" 26 51 3000 -0.281554680674883 -0.0802485388567599 3050
"1151" 26 52 3120 -0.32148648800094 -0.0787199248318889 3150
"1152" 26 53 3240 -0.249990015251058 -0.1851672057071 3250
"1153" 26 54 3360 -0.202362613104717 -0.148134657899013 3350
"1154" 26 55 3480 -0.396651259455208 -0.135693345085943 3450
"1155" 26 56 3600 -0.343207473598734 -0.0890163526301705 3650
"1156" 26 57 3720 -0.233803814307943 -0.188869267092743 3750
"1157" 26 58 3840 -0.351333253841396 -0.075925947084848 3850
"1158" 27 28 120 0.918003489230182 0.962636103633047 150
"1159" 27 29 240 0.835262784171514 0.858558748598257 250
"1160" 27 30 360 0.731751444845568 0.494642809013334 350
"1161" 27 31 480 0.563622966386928 0.293527834421582 450
"1162" 27 32 600 0.373616343685728 0.213077067886436 650
"1163" 27 33 720 0.21523851423345 0.154767985980812 750
"1164" 27 34 840 0.248104642566893 0.115865676414781 850
"1165" 27 35 960 0.18675132857301 0.0504546924955582 950
"1166" 27 36 1080 0.0972415514015501 0.094661863385278 1050
"1167" 27 37 1200 0.157379728993433 0.0410117729228181 1250
"1168" 27 38 1320 0.129635768986634 -0.0444011088320842 1350
"1169" 27 39 1440 0.208686389018775 0.017988297720363 1450
"1170" 27 40 1560 0.225075257893995 0.0282450023664432 1550
"1171" 27 41 1680 -0.0333137426595605 0.164502072954435 1650
"1172" 27 42 1800 -0.298423192916997 0.0994305895356948 1850
"1173" 27 43 1920 -0.31961511561242 0.123657992703427 1950
"1174" 27 44 2040 -0.362022790159236 0.214689920005665 2050
"1175" 27 45 2160 -0.451410376596534 0.162562250115702 2150
"1176" 27 46 2280 -0.423677512431444 0.133951581352935 2250
"1177" 27 47 2400 -0.416137106535202 -0.0782306059196455 2450
"1178" 27 48 2520 -0.295697152605751 -0.21806783126758 2550
"1179" 27 49 2640 -0.353176508078626 -0.235136537625595 2650
"1180" 27 50 2760 -0.305588709996194 -0.318012208869785 2750
"1181" 27 51 2880 -0.3432275074982 -0.144669603387115 2850
"1182" 27 52 3000 -0.387773074615441 -0.149863982361093 3050
"1183" 27 53 3120 -0.334962937423646 -0.213345280810117 3150
"1184" 27 54 3240 -0.243830251568563 -0.165898931771863 3250
"1185" 27 55 3360 -0.457194373753157 -0.202011512659391 3350
"1186" 27 56 3480 -0.349757662372081 -0.0544369604337624 3450
"1187" 27 57 3600 -0.170691856694434 -0.25286043956387 3650
"1188" 27 58 3720 -0.260294795351588 0.021949533041092 3750
"1189" 28 29 120 0.960218550560996 0.910251330048287 150
"1190" 28 30 240 0.859553762633385 0.526723196986081 250
"1191" 28 31 360 0.770374856019452 0.298902454715871 350
"1192" 28 32 480 0.570280129442025 0.180063796630189 450
"1193" 28 33 600 0.378072862012343 0.0847442627393178 650
"1194" 28 34 720 0.282564790148412 0.131878556406139 750
"1195" 28 35 840 0.302392619015157 0.0321410405302945 850
"1196" 28 36 960 0.225978050031302 0.149618094376938 950
"1197" 28 37 1080 0.188290565597745 0.113356991495231 1050
"1198" 28 38 1200 0.148123192201086 -0.0423124960085008 1250
"1199" 28 39 1320 0.174638245884014 -0.0307916376042084 1350
"1200" 28 40 1440 0.248238335675172 -0.0536529493730658 1450
"1201" 28 41 1560 -0.000941636044913246 -0.026480871729764 1550
"1202" 28 42 1680 -0.264835204112712 -0.157260092672535 1650
"1203" 28 43 1800 -0.245965781708438 -0.148444688500448 1850
"1204" 28 44 1920 -0.253593231091656 -0.0860790223242488 1950
"1205" 28 45 2040 -0.316862260274101 -0.219106083827029 2050
"1206" 28 46 2160 -0.286329991996549 -0.123043312465792 2150
"1207" 28 47 2280 -0.213702851222127 -0.0205291601601173 2250
"1208" 28 48 2400 -0.131397127497383 -0.0817738911814528 2450
"1209" 28 49 2520 -0.126007133104078 -0.0504597211244692 2550
"1210" 28 50 2640 -0.229300673801443 -0.115799184849176 2650
"1211" 28 51 2760 -0.373295215056436 -0.121898440491761 2750
"1212" 28 52 2880 -0.271803975914709 -0.0864344229642919 2850
"1213" 28 53 3000 -0.263599984891566 -0.130222648011133 3050
"1214" 28 54 3120 -0.137291009589076 -0.112831500834499 3150
"1215" 28 55 3240 -0.28984873318197 -0.157940292467833 3250
"1216" 28 56 3360 -0.215919395926583 0.0223955318364482 3350
"1217" 28 57 3480 -0.0565964126171238 -0.116392096881155 3450
"1218" 28 58 3600 -0.0996802053298139 -0.189523014499728 3650
"1219" 29 30 120 0.96331610683397 0.727310574101891 150
"1220" 29 31 240 0.866600829276516 0.449398584187284 250
"1221" 29 32 360 0.673707529725131 0.344555351159254 350
"1222" 29 33 480 0.45559644377589 0.170681959364093 450
"1223" 29 34 600 0.336471668370626 0.185478499428088 650
"1224" 29 35 720 0.350788309186394 0.0601165472040664 750
"1225" 29 36 840 0.335931720240103 0.186214853506048 850
"1226" 29 37 960 0.146235905744897 0.18285704750083 950
"1227" 29 38 1080 0.117681813455173 -0.0745071746936328 1050
"1228" 29 39 1200 0.140824917524451 -0.0790726231037972 1250
"1229" 29 40 1320 0.202117570247259 -0.0672363855251735 1350
"1230" 29 41 1440 0.00674326882739641 -0.0597139587921595 1450
"1231" 29 42 1560 -0.21368933323892 -0.111401546173838 1550
"1232" 29 43 1680 -0.188593349405109 -0.0626100819105592 1650
"1233" 29 44 1800 -0.202914507695472 0.0194767918317264 1850
"1234" 29 45 1920 -0.191368922912526 -0.149013880179081 1950
"1235" 29 46 2040 -0.159797763428472 -0.0499867896697833 2050
"1236" 29 47 2160 -0.222753009635532 -0.0413108090649091 2150
"1237" 29 48 2280 -0.250144708059653 -0.0927742138120792 2250
"1238" 29 49 2400 -0.209123953794501 -0.0184711203254965 2450
"1239" 29 50 2520 -0.3344012383095 -0.156943856259265 2550
"1240" 29 51 2640 -0.450136966095153 -0.203838284169536 2650
"1241" 29 52 2760 -0.338872384344447 -0.154963679708288 2750
"1242" 29 53 2880 -0.238510560218488 -0.151659584760315 2850
"1243" 29 54 3000 -0.0669366021213849 -0.0350250759086579 3050
"1244" 29 55 3120 -0.334840968958056 -0.0687101471819786 3150
"1245" 29 56 3240 -0.284178300257988 0.175788687628315 3250
"1246" 29 57 3360 -0.107951794784521 0.00611442560493655 3350
"1247" 29 58 3480 -0.178622809605046 -0.0918594726500413 3450
"1248" 30 31 120 0.92988952018402 0.820558737919638 150
"1249" 30 32 240 0.825477998656902 0.732630207082732 250
"1250" 30 33 360 0.637400777529721 0.382809131979242 350
"1251" 30 34 480 0.560473756095945 0.468872590444149 450
"1252" 30 35 600 0.512792609273592 0.174458068056254 650
"1253" 30 36 720 0.460596532781165 0.328152621092983 750
"1254" 30 37 840 0.265408474836143 0.235603436033207 850
"1255" 30 38 960 0.217047666652826 -0.170254399816419 950
"1256" 30 39 1080 0.201213667309432 -0.228721367026547 1050
"1257" 30 40 1200 0.225823860092382 -0.230955148992973 1250
"1258" 30 41 1320 -0.0704697930115055 -0.291457044380464 1350
"1259" 30 42 1440 -0.0250792669258081 -0.178794913292872 1450
"1260" 30 43 1560 -0.0798685654768639 -0.139431147390096 1550
"1261" 30 44 1680 -0.118257438727099 -0.0908122359349383 1650
"1262" 30 45 1800 -0.100434361521205 -0.133565444209654 1850
"1263" 30 46 1920 0.0591299041865404 -0.0755030167226522 1950
"1264" 30 47 2040 -0.150517062378641 0.0219487517688483 2050
"1265" 30 48 2160 -0.0965124342653423 -0.0353503635324177 2150
"1266" 30 49 2280 -0.156641933116319 -0.0436183918470707 2250
"1267" 30 50 2400 -0.289843329781001 -0.211756907757279 2450
"1268" 30 51 2520 -0.348235136923244 -0.213878687069952 2550
"1269" 30 52 2640 -0.227151016266356 -0.274408943786377 2650
"1270" 30 53 2760 -0.179086302043306 -0.225974801082161 2750
"1271" 30 54 2880 -0.0152555066132531 -0.217615298255815 2850
"1272" 30 55 3000 -0.34798446641391 -0.195786973853845 3050
"1273" 30 56 3120 -0.268969844786526 -0.020475807215632 3150
"1274" 30 57 3240 -0.0921081562362658 0.0355552762044134 3250
"1275" 30 58 3360 -0.258747074385709 0.251005219419636 3350
"1276" 31 32 120 0.955629527592598 0.867036286410813 150
"1277" 31 33 240 0.865224375718756 0.712806950857674 250
"1278" 31 34 360 0.705250230791522 0.539513568207923 350
"1279" 31 35 480 0.632253368480898 0.412139745105406 450
"1280" 31 36 600 0.532498859942973 0.36722872217838 650
"1281" 31 37 720 0.3507027828475 0.371133859015011 750
"1282" 31 38 840 0.284946238928949 -0.00814914548124969 850
"1283" 31 39 960 0.294711354639954 -0.141874060381225 950
"1284" 31 40 1080 0.184965676455351 -0.210197802820628 1050
"1285" 31 41 1200 0.00739007215190669 -0.149909163578748 1250
"1286" 31 42 1320 -0.0577712338026494 -0.0922358337675289 1350
"1287" 31 43 1440 -0.0415110421724446 -0.0779408052066021 1450
"1288" 31 44 1560 -0.0768338954788039 0.0749112328223102 1550
"1289" 31 45 1680 -0.0729957277655797 -0.192403077205011 1650
"1290" 31 46 1800 -0.0523067181299261 -0.171164338903515 1850
"1291" 31 47 1920 -0.0110971888864626 0.00987960265865605 1950
"1292" 31 48 2040 -0.0495675155271367 -0.139383574043824 2050
"1293" 31 49 2160 -0.204756739624431 0.0438596366070374 2150
"1294" 31 50 2280 -0.148435005047309 -0.099741258106599 2250
"1295" 31 51 2400 -0.34807502173961 -0.191519612072606 2450
"1296" 31 52 2520 -0.265974391360405 -0.245300813316373 2550
"1297" 31 53 2640 -0.131632624532399 -0.177391217092805 2650
"1298" 31 54 2760 0.0985583968182327 -0.134934137218894 2750
"1299" 31 55 2880 -0.386133838120208 -0.0947711194917638 2850
"1300" 31 56 3000 -0.288372273978512 0.0635006781499408 3050
"1301" 31 57 3120 -0.0168114473383619 0.611097382737571 3150
"1302" 31 58 3240 -0.232051819039127 0.233047752608497 3250
"1303" 32 33 120 0.964093553354895 0.925992798843839 150
"1304" 32 34 240 0.833203919825826 0.815288844792058 250
"1305" 32 35 360 0.761683887398348 0.612458469638549 350
"1306" 32 36 480 0.641057601941209 0.63494206722687 450
"1307" 32 37 600 0.45735286636541 0.542753407141197 650
"1308" 32 38 720 0.335194015605639 0.28245192061915 750
"1309" 32 39 840 0.251518674602952 0.204488751514232 850
"1310" 32 40 960 0.259551928626069 0.111042017390644 950
"1311" 32 41 1080 0.0280076090459506 0.216052564758206 1050
"1312" 32 42 1200 0.0403945002621776 0.338469120980041 1250
"1313" 32 43 1320 0.00189387797793139 0.364286912306277 1350
"1314" 32 44 1440 -0.00121109464505586 0.492447074491796 1450
"1315" 32 45 1560 -0.0363864241737735 0.150620711375618 1550
"1316" 32 46 1680 0.0296220120572766 0.0519483529465487 1650
"1317" 32 47 1800 -0.0574406753556631 -0.063877849345063 1850
"1318" 32 48 1920 0.00749636554840269 -0.0243920650600091 1950
"1319" 32 49 2040 -0.154888079786188 0.166090862871419 2050
"1320" 32 50 2160 -0.154674097909418 0.177345314314255 2150
"1321" 32 51 2280 -0.315617937271578 -0.100878193951297 2250
"1322" 32 52 2400 -0.214220787802359 -0.136521632932061 2450
"1323" 32 53 2520 -0.150622140927285 -0.080083567140861 2550
"1324" 32 54 2640 0.108019898717978 -0.0646481726660974 2650
"1325" 32 55 2760 -0.258269465256375 -0.0130104354139321 2750
"1326" 32 56 2880 -0.18630678161802 -0.127874786899295 2850
"1327" 32 57 3000 0.0263867150475164 -0.0712183204939919 3050
"1328" 32 58 3120 -0.0198599967549911 0.166976691818983 3150
"1329" 33 34 120 0.949451137574061 0.928470269801248 150
"1330" 33 35 240 0.874393721283145 0.809495408200382 250
"1331" 33 36 360 0.714364557642487 0.768063485758633 350
"1332" 33 37 480 0.567595805819004 0.679593452846247 450
"1333" 33 38 600 0.462604433579817 0.573518404621737 650
"1334" 33 39 720 0.396182420725136 0.507258390020858 750
"1335" 33 40 840 0.392170477494861 0.283260157551681 850
"1336" 33 41 960 0.12095270495024 0.463446796150827 950
"1337" 33 42 1080 0.133784189863351 0.508064291524517 1050
"1338" 33 43 1200 0.0851541590486613 0.540113039849364 1250
"1339" 33 44 1320 0.047644927768242 0.665420164517589 1350
"1340" 33 45 1440 -0.0377136190989691 0.389029572713652 1450
"1341" 33 46 1560 0.00450039712576015 0.298661807862705 1550
"1342" 33 47 1680 -0.0627781246240748 0.0692615794722014 1650
"1343" 33 48 1800 -0.0708005284100255 0.141277043676989 1850
"1344" 33 49 1920 -0.174852013370597 0.480244210481704 1950
"1345" 33 50 2040 -0.172105072432434 0.513540665349355 2050
"1346" 33 51 2160 -0.282783743900946 0.379627407336795 2150
"1347" 33 52 2280 -0.155888032337676 0.172934600452299 2250
"1348" 33 53 2400 -0.0112851198452423 0.27278307964604 2450
"1349" 33 54 2520 0.304749248779635 0.32830551467247 2550
"1350" 33 55 2640 0.100139033299124 0.327352576188185 2650
"1351" 33 56 2760 0.133470068186127 -0.0872967916480122 2750
"1352" 33 57 2880 0.252866013319831 0.221673546973977 2850
"1353" 33 58 3000 0.14953568958594 0.256069056930146 3050
"1354" 34 35 120 0.941227143159988 0.903064704408953 150
"1355" 34 36 240 0.874963216838154 0.918497573752137 250
"1356" 34 37 360 0.798164841572384 0.784071514870477 350
"1357" 34 38 480 0.697873663110504 0.656817267078863 450
"1358" 34 39 600 0.639379111919691 0.57593770194101 650
"1359" 34 40 720 0.548718535626249 0.409519177940597 750
"1360" 34 41 840 0.17232343262835 0.584152187180437 850
"1361" 34 42 960 0.111974140520893 0.590756248592177 950
"1362" 34 43 1080 0.0163647899756447 0.651917173063791 1050
"1363" 34 44 1200 -0.0017673231643734 0.68513650493054 1250
"1364" 34 45 1320 -0.0322468598649996 0.460596778471052 1350
"1365" 34 46 1440 0.185261193924955 0.309051623273078 1450
"1366" 34 47 1560 -0.0205464786849731 -0.0429130482918773 1550
"1367" 34 48 1680 0.183559713070997 0.0935478765202653 1650
"1368" 34 49 1800 0.183483067029935 0.183626737799609 1850
"1369" 34 50 1920 0.182168699358505 0.154075047239947 1950
"1370" 34 51 2040 -0.0172562748804341 0.480932768629691 2050
"1371" 34 52 2160 -0.00517401921560312 0.399488356639285 2150
"1372" 34 53 2280 0.0693464406317112 0.477898708223051 2250
"1373" 34 54 2400 0.329952898253053 0.381774866819176 2450
"1374" 34 55 2520 0.135444987269873 0.417988194948406 2550
"1375" 34 56 2640 0.208778103770709 0.291351570448402 2650
"1376" 34 57 2760 0.347364372583732 0.290827829442999 2750
"1377" 34 58 2880 0.217005962699267 0.215263307222557 2850
"1378" 35 36 120 0.964246776295255 0.942365440385091 150
"1379" 35 37 240 0.839710458432751 0.845814353142753 250
"1380" 35 38 360 0.779869621788244 0.761442903696873 350
"1381" 35 39 480 0.748195844991736 0.707271482309737 450
"1382" 35 40 600 0.698883897560539 0.48406323619875 650
"1383" 35 41 720 0.377752548237385 0.676230366798528 750
"1384" 35 42 840 0.119289178684982 0.729709218287142 850
"1385" 35 43 960 -0.0504394745191856 0.713344559941453 950
"1386" 35 44 1080 -0.0452507192788364 0.796372462330208 1050
"1387" 35 45 1200 -0.0812570801871568 0.626482616283357 1250
"1388" 35 46 1320 0.190032196839364 0.465474064985457 1350
"1389" 35 47 1440 0.0505935999877812 0.0864828508844304 1450
"1390" 35 48 1560 0.305082460755024 0.157967599544641 1550
"1391" 35 49 1680 0.0770343829468924 0.298726500852642 1650
"1392" 35 50 1800 0.0306144222408838 0.213599333523455 1850
"1393" 35 51 1920 0.0424067346178327 0.549269325311255 1950
"1394" 35 52 2040 0.144675050692711 0.571137070136949 2050
"1395" 35 53 2160 0.211370495110127 0.619325416599578 2150
"1396" 35 54 2280 0.410827645413077 0.590399792450066 2250
"1397" 35 55 2400 0.229412312705421 0.657368363677033 2450
"1398" 35 56 2520 0.356417999701658 0.226901177283359 2550
"1399" 35 57 2640 0.444695241351414 0.372638748363207 2650
"1400" 35 58 2760 0.309340515629944 -0.130805951203848 2750
"1401" 36 37 120 0.908937173942601 0.931625458760541 150
"1402" 36 38 240 0.812210190370244 0.872797749865707 250
"1403" 36 39 360 0.719770565519175 0.772940624408885 350
"1404" 36 40 480 0.630978462906169 0.616506507732696 450
"1405" 36 41 600 0.294040005137299 0.637718753404887 650
"1406" 36 42 720 0.037961180271672 0.737558169677088 750
"1407" 36 43 840 -0.0964847066623149 0.752421280373027 850
"1408" 36 44 960 -0.169417465915267 0.769224185471029 950
"1409" 36 45 1080 -0.243701970105573 0.585110314793207 1050
"1410" 36 46 1200 -0.127665562384522 0.437913827112062 1250
"1411" 36 47 1320 -0.213710784963031 0.00582689652464632 1350
"1412" 36 48 1440 0.00995304314113946 0.133790549583023 1450
"1413" 36 49 1560 -0.145694686302108 0.0190689444916605 1550
"1414" 36 50 1680 -0.283269467606967 0.0111901568592407 1650
"1415" 36 51 1800 -0.180109035429707 0.706576265714208 1850
"1416" 36 52 1920 -0.269281636531439 0.398113771825647 1950
"1417" 36 53 2040 -0.372595106425025 0.673712440017125 2050
"1418" 36 54 2160 -0.223058300664313 0.673310449928957 2150
"1419" 36 55 2280 -0.263700787077583 0.761333337267624 2250
"1420" 36 56 2400 -0.0844431677360594 0.327877194790436 2450
"1421" 36 57 2520 0.209330666104077 0.101730525766725 2550
"1422" 36 58 2640 -0.0347282716327773 0.238935332949673 2650
"1423" 37 38 120 0.975110760606754 0.934789165863488 150
"1424" 37 39 240 0.946079311096842 0.858361167409881 250
"1425" 37 40 360 0.812627060262464 0.726205703177774 350
"1426" 37 41 480 0.505472736849979 0.669057368478917 450
"1427" 37 42 600 0.0423232551443843 0.596199668783721 650
"1428" 37 43 720 -0.15795069600817 0.651626768214565 750
"1429" 37 44 840 -0.217051405560459 0.672997803028625 850
"1430" 37 45 960 -0.245591964988652 0.4098423197768 950
"1431" 37 46 1080 0.0474646973347427 0.321722871474068 1050
"1432" 37 47 1200 -0.166217827878439 -0.060359240245388 1250
"1433" 37 48 1320 0.265773688456708 0.0965312155230473 1350
"1434" 37 49 1440 0.233946727082452 0.151838115917637 1450
"1435" 37 50 1560 0.124230711595758 0.253308630218106 1550
"1436" 37 51 1680 0.0653176640092566 0.305497431257213 1650
"1437" 37 52 1800 -0.0238927595744168 0.144762532965652 1850
"1438" 37 53 1920 -0.0757723179412347 0.432967615319077 1950
"1439" 37 54 2040 0.0499620028256948 0.500372893091897 2050
"1440" 37 55 2160 0.057528794725488 0.715276558514953 2150
"1441" 37 56 2280 0.225503498194521 -0.122518872612002 2250
"1442" 37 57 2400 0.339441047297353 -0.00674027881538471 2450
"1443" 37 58 2520 0.18781283260599 -0.315790597974699 2550
"1444" 38 39 120 0.967379472361027 0.956163502584631 150
"1445" 38 40 240 0.86733733104406 0.841976885062104 250
"1446" 38 41 360 0.60198907266024 0.781152743680895 350
"1447" 38 42 480 0.190751052103617 0.847104556558345 450
"1448" 38 43 600 -0.0456764221591838 0.774841953093722 650
"1449" 38 44 720 -0.142116193347172 0.759476299301263 750
"1450" 38 45 840 -0.206348055600501 0.512091577900515 850
"1451" 38 46 960 0.0199820211155566 0.457018409268439 950
"1452" 38 47 1080 -0.148132411280882 0.13535232720586 1050
"1453" 38 48 1200 0.233725158743907 0.253671990727814 1250
"1454" 38 49 1320 0.25644970804173 0.218772381309329 1350
"1455" 38 50 1440 0.214843903036718 0.377054717869319 1450
"1456" 38 51 1560 0.285501795726553 0.767492946575336 1550
"1457" 38 52 1680 0.177939297015985 0.720295759800795 1650
"1458" 38 53 1800 0.129244596665291 0.663080983678973 1850
"1459" 38 54 1920 0.203050850897501 0.604675081266472 1950
"1460" 38 55 2040 0.282409622703546 0.78060594154319 2050
"1461" 38 56 2160 0.473996340776623 0.723324064223161 2150
"1462" 38 57 2280 0.476009855989201 0.60367650316726 2250
"1463" 38 58 2400 0.414966105439234 0.203318891455954 2450
"1464" 39 40 120 0.936891611088012 0.959691239876211 150
"1465" 39 41 240 0.729519275796098 0.880069754824398 250
"1466" 39 42 360 0.397269125702421 0.897352055785138 350
"1467" 39 43 480 0.126101630786811 0.82102022656365 450
"1468" 39 44 600 0.0619940051101554 0.774169876311235 650
"1469" 39 45 720 -0.00510150707277425 0.528426396410203 750
"1470" 39 46 840 0.111757396609626 0.517040858838378 850
"1471" 39 47 960 -0.0436810779380457 0.132118688395039 950
"1472" 39 48 1080 0.201324912980175 0.276388453296546 1050
"1473" 39 49 1200 0.27242155759305 0.00819071759487297 1250
"1474" 39 50 1320 0.264239416567848 0.0177873645444577 1350
"1475" 39 51 1440 0.237123842680461 0.218227707895783 1450
"1476" 39 52 1560 0.15919256298101 0.28182582613616 1550
"1477" 39 53 1680 0.113146582880652 0.227451322639525 1650
"1478" 39 54 1800 0.12217513592952 0.335287109777729 1850
"1479" 39 55 1920 0.106800842657358 0.590624993276685 1950
"1480" 39 56 2040 0.173008718124199 0.0595466715389522 2050
"1481" 39 57 2160 0.244080132477116 -0.0940369015330177 2150
"1482" 39 58 2280 0.0870314459374255 -0.262210455153755 2250
"1483" 40 41 120 0.841867008246772 0.963542471139541 150
"1484" 40 42 240 0.594904380889228 0.927911473382856 250
"1485" 40 43 360 0.294263080639476 0.869893210875055 350
"1486" 40 44 480 0.151587436230088 0.794069490453121 450
"1487" 40 45 600 0.0789797757858063 0.507475764225201 650
"1488" 40 46 720 0.154324769075415 0.571488114950769 750
"1489" 40 47 840 -0.0784224150029058 0.194748856880702 850
"1490" 40 48 960 0.191527248041489 0.478566545715193 950
"1491" 40 49 1080 0.242441487009073 0.221744638771291 1050
"1492" 40 50 1200 0.158028378831995 0.426381860782131 1250
"1493" 40 51 1320 0.228305136435212 0.232091845473737 1350
"1494" 40 52 1440 0.209295562983171 0.232103633138419 1450
"1495" 40 53 1560 0.167788203900434 0.0813431484303001 1550
"1496" 40 54 1680 0.279612168522698 0.251327081963357 1650
"1497" 40 55 1800 0.396315344853706 0.125766372068127 1850
"1498" 40 56 1920 0.651962154297284 -0.17643864233237 1950
"1499" 40 57 2040 0.568384097282424 -0.080256708384352 2050
"1500" 40 58 2160 0.655625356039424 -0.199721338847418 2150
"1501" 41 42 120 0.919229436034185 0.976800337701895 150
"1502" 41 43 240 0.78490675648856 0.888431520489992 250
"1503" 41 44 360 0.627256087062832 0.860900538836486 350
"1504" 41 45 480 0.555334686954684 0.589738804965657 450
"1505" 41 46 600 0.46994130092683 0.584517028437911 650
"1506" 41 47 720 0.433749529617783 0.0794938927090485 750
"1507" 41 48 840 0.201520019092299 0.268921561011529 850
"1508" 41 49 960 0.203312926160402 0.08836339723581 950
"1509" 41 50 1080 0.254016341216707 0.382141393758262 1050
"1510" 41 51 1200 0.322024073325978 0.281267754893681 1250
"1511" 41 52 1320 0.295795311693952 0.350578984726508 1350
"1512" 41 53 1440 0.176339750504935 0.0433613921493806 1450
"1513" 41 54 1560 0.113025194705498 0.206570573536884 1550
"1514" 41 55 1680 0.254969319816587 0.0525160606776336 1650
"1515" 41 56 1800 0.529679835061583 -0.121662478687475 1850
"1516" 41 57 1920 0.438670451817179 -0.0734686979251637 1950
"1517" 41 58 2040 0.590763088638484 0.00722567027835156 2050
"1518" 42 43 120 0.958502324993163 0.969072890559309 150
"1519" 42 44 240 0.889400619758996 0.92234408427634 250
"1520" 42 45 360 0.825352219251254 0.684909061219025 350
"1521" 42 46 480 0.745114585119864 0.840484381970141 450
"1522" 42 47 600 0.605731574330199 0.126326145850982 650
"1523" 42 48 720 0.317343225440232 0.409616734966085 750
"1524" 42 49 840 0.334309488923997 0.314831406326591 850
"1525" 42 50 960 0.345894755052897 0.580746688774003 950
"1526" 42 51 1080 0.75567186881964 0.39904565715772 1050
"1527" 42 52 1200 0.700716085364872 0.316552065913015 1250
"1528" 42 53 1320 0.359507568261136 0.115823381024086 1350
"1529" 42 54 1440 0.278271352085682 0.147625322947116 1450
"1530" 42 55 1560 0.667228064769958 0.605840603943658 1550
"1531" 42 56 1680 0.551391238282702 0.138638125552537 1650
"1532" 42 57 1800 0.363823032194672 0.115680938186616 1850
"1533" 42 58 1920 0.444709491202884 0.233610515413193 1950
"1534" 43 44 120 0.963783595512984 0.969612540208585 150
"1535" 43 45 240 0.918622862065315 0.799859260794158 250
"1536" 43 46 360 0.8505675919867 0.837604998981892 350
"1537" 43 47 480 0.704285815056739 0.620545625617111 450
"1538" 43 48 600 0.472747188818781 0.607923375800519 650
"1539" 43 49 720 0.404573588886564 0.260712975216794 750
"1540" 43 50 840 0.522547345308735 0.394968295806875 850
"1541" 43 51 960 0.722702942834526 0.330265094487824 950
"1542" 43 52 1080 0.696156256487903 0.112566956650581 1050
"1543" 43 53 1200 0.406757227331392 0.107073357682776 1250
"1544" 43 54 1320 0.280427178974178 0.123970754289165 1350
"1545" 43 55 1440 0.566118393403821 0.338951374035732 1450
"1546" 43 56 1560 0.460580422934269 -0.184234080357218 1550
"1547" 43 57 1680 0.346906199211609 -0.144421978788846 1650
"1548" 43 58 1800 0.395676010207437 -0.04491274335374 1850
"1549" 44 45 120 0.96919918374198 0.937765575100329 150
"1550" 44 46 240 0.93682566351033 0.926808551692996 250
"1551" 44 47 360 0.818035235145121 0.0779893623685891 350
"1552" 44 48 480 0.614659185991849 0.144830781204088 450
"1553" 44 49 600 0.573126671340332 0.0631620858105482 650
"1554" 44 50 720 0.848609303975899 0.524583684918617 750
"1555" 44 51 840 0.773594924587882 0.391997638716418 850
"1556" 44 52 960 0.773308783595394 0.209485884676142 950
"1557" 44 53 1080 0.723272629776468 0.119231025116554 1050
"1558" 44 54 1200 0.609309310879338 0.237844323538215 1250
"1559" 44 55 1320 0.542157999131183 0.357323523563579 1350
"1560" 44 56 1440 0.393546031826245 -0.105952975317922 1450
"1561" 44 57 1560 0.264373540873575 -0.272128081818672 1550
"1562" 44 58 1680 0.290320324508687 -0.047569249335188 1650
"1563" 45 46 120 0.976036404234691 0.967376086535668 150
"1564" 45 47 240 0.872096725067441 0.0967826667747426 250
"1565" 45 48 360 0.667050178098268 0.0571844724534757 350
"1566" 45 49 480 0.552906678881117 0.0165147489233415 450
"1567" 45 50 600 0.668714387352302 0.408403822239541 650
"1568" 45 51 720 0.740797615336025 0.198809484912012 750
"1569" 45 52 840 0.715842771352089 0.128006519823606 850
"1570" 45 53 960 0.461307816517748 0.09148877025199 950
"1571" 45 54 1080 0.372875844994707 0.347839286383239 1050
"1572" 45 55 1200 0.462924976446177 0.421615864418275 1250
"1573" 45 56 1320 0.393560613590504 0.0718995855010348 1350
"1574" 45 57 1440 0.302300881787991 -0.0994896593313397 1450
"1575" 45 58 1560 0.326788214102567 -0.0741148757980005 1550
"1576" 46 47 120 0.949892280610488 0.952212093259677 150
"1577" 46 48 240 0.841250674051377 0.743302424408263 250
"1578" 46 49 360 0.805082969403039 0.654902089821098 350
"1579" 46 50 480 0.731370230474049 0.326191730712186 450
"1580" 46 51 600 0.795333739720563 0.332743317766085 650
"1581" 46 52 720 0.796201415675718 0.207901784198523 750
"1582" 46 53 840 0.61520534234559 0.447548739946521 850
"1583" 46 54 960 0.557276786669449 0.538989089925595 950
"1584" 46 55 1080 0.659418965532483 0.55083852009073 1050
"1585" 46 56 1200 0.568523674837045 0.189364211549581 1250
"1586" 46 57 1320 0.473028766136718 -0.0196023626308706 1350
"1587" 46 58 1440 0.476541978976885 -0.150178530751082 1450
"1588" 47 48 120 0.927145559073488 0.879548324829179 150
"1589" 47 49 240 0.83749481601216 0.798380923190074 250
"1590" 47 50 360 0.770117557539895 0.559270367759172 350
"1591" 47 51 480 0.80277337405569 0.607487850597646 450
"1592" 47 52 600 0.777899396404767 0.513076339862844 650
"1593" 47 53 720 0.563938556000834 0.676865891528949 750
"1594" 47 54 840 0.428097675814938 0.603047879420371 850
"1595" 47 55 960 0.516679742878483 0.345427139195615 950
"1596" 47 56 1080 0.35321626105918 0.138353034290786 1050
"1597" 47 57 1200 0.386851741699842 0.0755109979488242 1250
"1598" 47 58 1320 0.350519389728285 -0.194126618126645 1350
"1599" 48 49 120 0.946709416240297 0.871575855782177 150
"1600" 48 50 240 0.912136949315593 0.769376910708375 250
"1601" 48 51 360 0.84464997862799 0.630122030080034 350
"1602" 48 52 480 0.834662074517423 0.45237048830425 450
"1603" 48 53 600 0.664125892107928 0.566691923102831 650
"1604" 48 54 720 0.535757624144409 0.564845679793579 750
"1605" 48 55 840 0.523893647652838 0.474480940835296 850
"1606" 48 56 960 0.500739055825128 0.15256628887458 950
"1607" 48 57 1080 0.513117876833669 -0.0187453370140527 1050
"1608" 48 58 1200 0.477114844222252 -0.31192548387179 1250
"1609" 49 50 120 0.941442849915208 0.954488011852475 150
"1610" 49 51 240 0.91598799152802 0.929625040936962 250
"1611" 49 52 360 0.890385797322715 0.878541399453549 350
"1612" 49 53 480 0.769792602878404 0.896837808431772 450
"1613" 49 54 600 0.640304501713454 0.592658370616592 650
"1614" 49 55 720 0.610010381646837 0.424909836788649 750
"1615" 49 56 840 0.464915536158824 0.234642954040974 850
"1616" 49 57 960 0.423905117788446 0.391130024372929 950
"1617" 49 58 1080 0.421293451251579 0.507613810407555 1050
"1618" 50 51 120 0.972549882677011 0.810377077498798 150
"1619" 50 52 240 0.934834142949802 0.785667220059361 250
"1620" 50 53 360 0.872009865228172 0.520763280600125 350
"1621" 50 54 480 0.771001009079385 0.41100237955284 450
"1622" 50 55 600 0.636516501421612 0.233537865389724 650
"1623" 50 56 720 0.516708630069585 0.00635108846048212 750
"1624" 50 57 840 0.458414330619678 -0.0586844474002237 850
"1625" 50 58 960 0.497101601819742 -0.43354154236903 950
"1626" 51 52 120 0.971878502073443 0.983720057446652 150
"1627" 51 53 240 0.89917275774734 0.958074831779611 250
"1628" 51 54 360 0.803403957725022 0.758000852471793 350
"1629" 51 55 480 0.785167122973411 0.626994787679187 450
"1630" 51 56 600 0.764556701469023 0.363112440800311 650
"1631" 51 57 720 0.739002538910588 0.0555085205647993 750
"1632" 51 58 840 0.702846440450383 0.58490475272314 850
"1633" 52 53 120 0.949842925994009 0.980803512123622 150
"1634" 52 54 240 0.880249842221154 0.86082260473725 250
"1635" 52 55 360 0.778791942133801 0.689176915431972 350
"1636" 52 56 480 0.738526682789842 0.578132539400364 450
"1637" 52 57 600 0.69272783182781 0.5372407971281 650
"1638" 52 58 720 0.611822256578856 0.474019361160783 750
"1639" 53 54 120 0.974135708996992 0.934254604951116 150
"1640" 53 55 240 0.914857073067048 0.877758020707512 250
"1641" 53 56 360 0.877701699257926 0.685517125721391 350
"1642" 53 57 480 0.808305081223131 0.430595125974417 450
"1643" 53 58 600 0.720029942516907 0.524532556719085 650
"1644" 54 55 120 0.971982287039249 0.950579926203818 150
"1645" 54 56 240 0.951236636490895 0.81939182379758 250
"1646" 54 57 360 0.880259005136434 0.634069715082685 350
"1647" 54 58 480 0.797747577311001 0.26114615861613 450
"1648" 55 56 120 0.991193243777922 0.933729175933113 150
"1649" 55 57 240 0.974780297425131 0.673510110831034 250
"1650" 55 58 360 0.915983713458266 0.452866330255009 350
"1651" 56 57 120 0.982776439528341 0.865287447092116 150
"1652" 56 58 240 0.93964481851222 0.665924528115763 250
"1653" 57 58 120 0.967113396678687 0.705723475905686 150
