"i" "j" "hgt" "rsp" "rdir" "hgto"
"1" 1 2 60 0.832474439300335 0.972700355934362 50
"2" 1 3 120 0.783686187402886 0.928394370045032 150
"3" 1 4 180 0.715732379680208 0.830272778193543 150
"4" 1 5 240 0.355499666466853 0.358621972241697 250
"5" 1 6 300 0.328350659296613 0.310890784693334 350
"6" 1 7 360 0.410276191648431 0.552281918560371 350
"7" 1 8 420 0.197942115295923 0.453296172773651 450
"8" 1 9 480 0.32714186887458 0.502171317855583 450
"9" 1 10 540 0.00342628335768372 0.572311034953904 550
"10" 1 11 600 0.138365936913288 0.478796226820981 650
"11" 1 12 660 0.0585793086823155 0.543159660783866 650
"12" 1 13 720 -0.0334920379989248 0.356212458959737 750
"13" 1 14 780 0.142950993292727 0.290000621809039 750
"14" 1 15 840 -0.0735128953159367 0.304213570502154 850
"15" 1 16 900 -0.0948608167379342 0.304875924403344 950
"16" 1 17 960 -0.0254992060529779 0.0704927523535508 950
"17" 1 18 1020 -0.0953168528455144 -0.16131297469255 1050
"18" 1 19 1080 -0.0467764555074156 -0.210211672162887 1050
"19" 1 20 1140 0.128334328520545 -0.312080551356108 1150
"20" 1 21 1260 0.19779848831453 -0.0965182049489973 1250
"21" 1 22 1380 -0.176555627156333 -0.125751275619509 1350
"22" 1 23 1500 -0.174748836823206 -0.0548863917147921 1550
"23" 1 24 1620 -0.220752497002051 -0.0605904454943804 1650
"24" 1 25 1740 -0.296445806354982 -0.225349932474971 1750
"25" 1 26 1860 0.05955883565149 -0.160670189577969 1850
"26" 1 27 1980 -0.000747833984718596 -0.108710430574512 1950
"27" 1 28 2100 0.178319337159782 0.177016777832201 2150
"28" 1 29 2220 -0.0121247228658682 0.0992409044143863 2250
"29" 1 30 2340 -0.128659475602857 0.130712792907921 2350
"30" 1 31 2460 -0.0955533466440864 0.156725117378179 2450
"31" 1 32 2580 -0.196718480482908 0.119864370922649 2550
"32" 1 33 2700 -0.0379944981023635 -0.175206263034518 2750
"33" 1 34 2820 -0.0767736551239636 -0.189945795956076 2850
"34" 1 35 2940 0.00358536428051501 -0.27375714046601 2950
"35" 1 36 3060 -0.153546163684834 -0.306612454290382 3050
"36" 1 37 3180 -0.151413362091868 -0.272640023961842 3150
"37" 1 38 3300 -0.0975561266265048 -0.172856787604367 3350
"38" 1 39 3420 -0.155923762619614 -0.119747710873818 3450
"39" 1 40 3540 0.179513243817236 -0.111251823376955 3550
"40" 1 41 3660 -0.057798871080257 -0.245122826505317 3650
"41" 1 42 3780 -0.130304104148556 -0.0719974117087118 3750
"42" 1 43 3900 -0.30583932952056 -0.0601883644233891 3950
"43" 1 44 4020 -0.3052788525397 0.243924760423405 4050
"44" 1 45 4140 -0.181286236457618 0.252275602324359 4150
"45" 1 46 4260 -0.134435332912299 0.536560528571356 4250
"46" 1 47 4380 0.116245167892039 0.840433537165125 4350
"47" 1 48 4500 0.424118473993782 0.579969393798549 4550
"48" 1 49 4620 -0.0687976496358874 0.948880064701684 4650
"49" 1 50 4740 -0.104817536068803 0.375158445185819 4750
"50" 1 51 4860 -0.067480539942815 0.563349299114851 4850
"51" 1 52 4980 0.243666641808214 0.602368741028606 4950
"52" 1 53 5100 -0.22718421443603 0.926990665274606 5150
"53" 1 54 5220 0.442893914356358 0.832508016238652 5250
"54" 1 55 5340 0.403832269013245 -0.135757704451201 5350
"55" 1 56 5460 0.293562682710525 -0.168062367557301 5450
"56" 1 57 5580 0.232226073036015 -0.0206692307573794 5550
"57" 1 58 5700 0.155900841112236 0.334776466795539 5750
"58" 1 59 5820 0.496647037693148 -0.430825049484855 5850
"59" 2 3 60 0.935582783333657 0.940245101857681 50
"60" 2 4 120 0.807072394173916 0.864933476557691 150
"61" 2 5 180 0.72041225502111 0.621953575576353 150
"62" 2 6 240 0.6523809638205 0.508610723798917 250
"63" 2 7 300 0.66451848261305 0.576303184164148 350
"64" 2 8 360 0.42149603699663 0.450380093061249 350
"65" 2 9 420 0.538720085182863 0.419938533758802 450
"66" 2 10 480 0.294619480379891 0.510474812218767 450
"67" 2 11 540 0.372157495332551 0.434817212128553 550
"68" 2 12 600 0.417552845576492 0.485924829649279 650
"69" 2 13 660 0.247692583434857 0.340321723311215 650
"70" 2 14 720 0.218659175775388 0.130004905960968 750
"71" 2 15 780 -0.041383371364772 0.303926823130968 750
"72" 2 16 840 -0.0109906379457173 0.292662652739056 850
"73" 2 17 900 0.202530890679415 -0.0437987322284411 950
"74" 2 18 960 0.00941223510780077 -0.243411725733452 950
"75" 2 19 1020 -0.142415677803833 -0.190183140751872 1050
"76" 2 20 1080 0.00140935947354888 -0.217275932401009 1050
"77" 2 21 1200 0.161612349729405 -0.124390552476173 1250
"78" 2 22 1320 -0.0953806468473435 -0.126569247097282 1350
"79" 2 23 1440 -0.0373674035839404 -0.148512060742574 1450
"80" 2 24 1560 -0.0649538100746632 -0.114614252985981 1550
"81" 2 25 1680 -0.244163319143793 -0.28084360727007 1650
"82" 2 26 1800 -0.0728189120388907 -0.121516080658855 1850
"83" 2 27 1920 0.1459443946953 -0.218301509854954 1950
"84" 2 28 2040 0.248060339270104 0.0853873664347324 2050
"85" 2 29 2160 0.111921801882761 0.0436019350664451 2150
"86" 2 30 2280 -0.125004878229304 0.0294094458647244 2250
"87" 2 31 2400 0.0054616441836099 0.0840598621608184 2450
"88" 2 32 2520 -0.0847583043170332 0.06791917911179 2550
"89" 2 33 2640 -0.0264471862989799 -0.110529986743868 2650
"90" 2 34 2760 -0.0336920102138591 -0.105026924061065 2750
"91" 2 35 2880 0.0621094136508276 -0.247961424946569 2850
"92" 2 36 3000 -0.00525537843159109 -0.213920194277343 3050
"93" 2 37 3120 -0.257589071442986 -0.182048874391841 3150
"94" 2 38 3240 -0.145789317971814 -0.0988526258606936 3250
"95" 2 39 3360 -0.115707077637092 -0.081466302472899 3350
"96" 2 40 3480 -0.205718886081178 -0.0875183888014109 3450
"97" 2 41 3600 -0.373959884315028 -0.220780853583743 3650
"98" 2 42 3720 -0.502286324583785 -0.0452314935777016 3750
"99" 2 43 3840 -0.651869973002494 -0.0410160935682599 3850
"100" 2 44 3960 -0.815745729510703 0.181088790428722 3950
"101" 2 45 4080 -0.618092865777429 0.21099170561018 4050
"102" 2 46 4200 -0.606746596321934 0.416091389224425 4250
"103" 2 47 4320 -0.116698169765765 0.784077084914978 4350
"104" 2 48 4440 0.0511547263026811 0.588113065371716 4450
"105" 2 49 4560 -0.449202681587459 0.813912746676161 4550
"106" 2 50 4680 -0.571299186870955 0.469733289033034 4650
"107" 2 51 4800 -0.478372298051344 0.638030367868581 4850
"108" 2 52 4920 -0.600647541702137 0.686527062162241 4950
"109" 2 53 5040 -0.633274251498783 0.951202939182892 5050
"110" 2 54 5160 -0.0576966733071879 0.899565828851961 5150
"111" 2 55 5280 0.132321691190676 0.272740775866592 5250
"112" 2 56 5400 -0.157400974503464 -0.0669358204558271 5450
"113" 2 57 5520 0.50326535355584 -0.703057428561455 5550
"114" 2 58 5640 -0.226343211237071 -0.319611606579651 5650
"115" 2 59 5760 -0.253094074063241 -0.332818383021839 5750
"116" 3 4 60 0.922233724907667 0.956001722925893 50
"117" 3 5 120 0.920213195431233 0.763819784669077 150
"118" 3 6 180 0.78200998963706 0.692491866418334 150
"119" 3 7 240 0.735851866065457 0.721095288820003 250
"120" 3 8 300 0.527003429021975 0.658945233444596 350
"121" 3 9 360 0.626487738718205 0.695512953306053 350
"122" 3 10 420 0.362602210440041 0.684739729927738 450
"123" 3 11 480 0.362675618813463 0.675751662946754 450
"124" 3 12 540 0.219093117508965 0.739774197649633 550
"125" 3 13 600 0.0816310903278153 0.632885189799253 650
"126" 3 14 660 0.0255848257946812 0.256037520396228 650
"127" 3 15 720 -0.214091392555576 0.559062329446481 750
"128" 3 16 780 -0.118890485476374 0.44410506685015 750
"129" 3 17 840 0.00903856600675645 0.236204773060261 850
"130" 3 18 900 0.0382688957904045 -0.208841553914392 950
"131" 3 19 960 -0.199385198166016 -0.283585123659843 950
"132" 3 20 1020 0.00200536967606297 -0.201146181823809 1050
"133" 3 21 1140 0.261667814893302 -0.0498890036452501 1150
"134" 3 22 1260 0.0424072386280637 -0.148279601497105 1250
"135" 3 23 1380 0.128265275955667 -0.0539335669508038 1350
"136" 3 24 1500 0.0508609971991834 -0.0544242690680294 1550
"137" 3 25 1620 -0.153276680777736 -0.154843868008518 1650
"138" 3 26 1740 0.0709532891796511 -0.0736741908068346 1750
"139" 3 27 1860 0.234655784482989 -0.122804203465505 1850
"140" 3 28 1980 0.393372536386497 0.177858362045423 1950
"141" 3 29 2100 0.0325357451207835 0.17308174516523 2150
"142" 3 30 2220 0.0318074412737026 0.203498457720432 2250
"143" 3 31 2340 0.0451620314479644 0.174137214082369 2350
"144" 3 32 2460 -0.111658769763288 0.123783724839536 2450
"145" 3 33 2580 0.0340217823226559 -0.251936908203231 2550
"146" 3 34 2700 -0.0261055780292539 -0.248283713956046 2750
"147" 3 35 2820 0.0333859614258067 -0.364288541047091 2850
"148" 3 36 2940 -0.019450893352601 -0.35429271849813 2950
"149" 3 37 3060 -0.17582157639177 -0.306717396544073 3050
"150" 3 38 3180 -0.141896010910788 -0.262901935901133 3150
"151" 3 39 3300 0.164865443646467 -0.178963550742255 3350
"152" 3 40 3420 -0.133721780188823 -0.230842001237751 3450
"153" 3 41 3540 -0.251468151743033 -0.263414794014792 3550
"154" 3 42 3660 -0.484060273599007 -0.200051701292874 3650
"155" 3 43 3780 -0.574348582992251 -0.0750610244730394 3750
"156" 3 44 3900 -0.490999515200319 0.193321657203289 3950
"157" 3 45 4020 -0.545384655345631 0.19156238969688 4050
"158" 3 46 4140 -0.578271745836768 0.349937021657989 4150
"159" 3 47 4260 -0.140248332907231 0.821620487110298 4250
"160" 3 48 4380 0.137343190684583 0.621661929258278 4350
"161" 3 49 4500 -0.539850029705187 0.874766389955037 4550
"162" 3 50 4620 -0.531293768493194 0.344189093501173 4650
"163" 3 51 4740 -0.549211386828745 0.597539948797013 4750
"164" 3 52 4860 -0.34195806421372 0.54088999698767 4850
"165" 3 53 4980 -0.373577672099064 0.901053229205869 4950
"166" 3 54 5100 0.165541127063216 0.795849124816617 5150
"167" 3 55 5220 0.388507579781257 0.309663749221092 5250
"168" 3 56 5340 0.290212124240565 -0.0743791460022941 5350
"169" 3 57 5460 0.595356964722972 -0.659667734587385 5450
"170" 3 58 5580 0.261321031871459 -0.285625138502569 5550
"171" 3 59 5700 0.223573075792344 -0.395847870097385 5750
"172" 4 5 60 0.83294152372117 0.841520386403052 50
"173" 4 6 120 0.790097752923691 0.824807838407925 150
"174" 4 7 180 0.789607662615759 0.8598262878338 150
"175" 4 8 240 0.700043201899593 0.798830551522243 250
"176" 4 9 300 0.62386398331256 0.802186577435268 350
"177" 4 10 360 0.292362464205473 0.793774456122315 350
"178" 4 11 420 0.423314586125261 0.730663635031985 450
"179" 4 12 480 0.331750757641319 0.703473542432738 450
"180" 4 13 540 0.188278220415524 0.514227943436399 550
"181" 4 14 600 0.176096114623446 0.117363333998525 650
"182" 4 15 660 -0.0601692993378186 0.455720304935206 650
"183" 4 16 720 -0.0531194525847281 0.496171764319362 750
"184" 4 17 780 0.161366950524761 0.255505226699337 750
"185" 4 18 840 0.154477980283201 -0.287749194662349 850
"186" 4 19 900 0.0284634310476193 -0.386381528964872 950
"187" 4 20 960 0.141420991844621 -0.169714307244041 950
"188" 4 21 1080 0.605412418773197 0.0115487777760169 1050
"189" 4 22 1200 0.410181155139618 -0.206912000071856 1250
"190" 4 23 1320 0.439650654222751 -0.0536655306128375 1350
"191" 4 24 1440 0.507286039142325 -0.0855632675654759 1450
"192" 4 25 1560 0.515209773583545 -0.157101868564683 1550
"193" 4 26 1680 0.518339404308993 -0.140991233243934 1650
"194" 4 27 1800 0.587709778187886 -0.132279078670286 1850
"195" 4 28 1920 0.430576857742467 0.253457472569054 1950
"196" 4 29 2040 0.194910809814628 0.229334300794598 2050
"197" 4 30 2160 0.0853484806922343 0.256374576739592 2150
"198" 4 31 2280 0.160605789779601 0.234829629397178 2250
"199" 4 32 2400 -0.0447129749964328 0.184029716008913 2450
"200" 4 33 2520 0.26955077728603 -0.255668818080432 2550
"201" 4 34 2640 0.219475442862292 -0.206621232383615 2650
"202" 4 35 2760 0.189631801646579 -0.353392746752872 2750
"203" 4 36 2880 0.184559714138591 -0.335239769247519 2850
"204" 4 37 3000 0.186088942434092 -0.264845754565068 3050
"205" 4 38 3120 0.375928266174674 -0.229637969474725 3150
"206" 4 39 3240 0.487222634254097 -0.11185055734311 3250
"207" 4 40 3360 0.438619219743008 -0.206571524729992 3350
"208" 4 41 3480 0.404511565361594 -0.169281526084185 3450
"209" 4 42 3600 0.185514609951859 -0.110352121708627 3650
"210" 4 43 3720 -0.0281532382437422 -0.0266550650084685 3750
"211" 4 44 3840 0.103196913794583 0.321781030282294 3850
"212" 4 45 3960 -0.530994451524067 0.189460858868538 3950
"213" 4 46 4080 -0.71212735262668 0.336144594374925 4050
"214" 4 47 4200 -0.00685415275735951 0.722012118822235 4250
"215" 4 48 4320 0.11443431977211 0.651143187517015 4350
"216" 4 49 4440 -0.453215144460231 0.888704776408163 4450
"217" 4 50 4560 -0.904203391528022 0.681693081288421 4550
"218" 4 51 4680 -0.921143935757078 0.869429409498213 4650
"219" 4 52 4800 -0.248475731348685 0.591968189590413 4850
"220" 4 53 4920 0.069260685350882 0.958101577043075 4950
"221" 4 54 5040 0.502225682065107 0.857332666168143 5050
"222" 4 55 5160 0.697459900508542 0.190206238561722 5150
"223" 4 56 5280 0.686277862629514 -0.189485649625318 5250
"224" 4 57 5400 0.908477278944645 0.140274850122263 5450
"225" 4 58 5520 0.626256338108952 -0.0127677503692598 5550
"226" 4 59 5640 0.543340063585974 0.00185207110810983 5650
"227" 5 6 60 0.881581425557628 0.912114903534556 50
"228" 5 7 120 0.766406941326977 0.895234663884541 150
"229" 5 8 180 0.598342333562566 0.79570587446013 150
"230" 5 9 240 0.467344485492571 0.672162570669076 250
"231" 5 10 300 0.458088975450148 0.688653285264536 350
"232" 5 11 360 0.374636716011358 0.676804488042177 350
"233" 5 12 420 0.265098141885882 0.402843678662182 450
"234" 5 13 480 0.185506507363997 0.561418556118483 450
"235" 5 14 540 0.168987167576613 0.196291981358728 550
"236" 5 15 600 -0.0758406387822772 0.449615993745281 650
"237" 5 16 660 0.0483839894473854 0.406141286153081 650
"238" 5 17 720 0.0480885420366186 -0.00807677864898989 750
"239" 5 18 780 0.0867926909014282 0.0609670657532114 750
"240" 5 19 840 -0.355318400211169 0.0480282472523979 850
"241" 5 20 900 0.0488168752300517 0.102154262033585 950
"242" 5 21 1020 0.199725260763664 0.140828107871088 1050
"243" 5 22 1140 0.103595198765051 -0.106311896074063 1150
"244" 5 23 1260 0.0366758631850448 0.015534781860911 1250
"245" 5 24 1380 -0.00757954070423701 0.0441880937488377 1350
"246" 5 25 1500 -0.0791075283533489 -0.0366939002524344 1550
"247" 5 26 1620 -0.151786735830649 0.160691562621517 1650
"248" 5 27 1740 -0.0378990068862636 -0.0743597192285746 1750
"249" 5 28 1860 0.110593631071738 0.0757359021154057 1850
"250" 5 29 1980 -0.0770662517842358 0.0364161240285488 1950
"251" 5 30 2100 0.130856921336589 -0.0911730888024711 2150
"252" 5 31 2220 0.187228304979668 0.0990293391142943 2250
"253" 5 32 2340 0.272801217341897 0.145661480511522 2350
"254" 5 33 2460 0.367834193195821 0.300648717622222 2450
"255" 5 34 2580 0.298044151946517 0.647609593423041 2550
"256" 5 35 2700 0.319189638844199 0.144774379324705 2750
"257" 5 36 2820 0.150411717481422 0.229065983329232 2850
"258" 5 37 2940 0.0961299759892716 0.34744969097046 2950
"259" 5 38 3060 -0.0660832797920916 0.259196803567858 3050
"260" 5 39 3180 0.088265024480765 0.430307129899736 3150
"261" 5 40 3300 0.126255969183026 0.256708075996308 3350
"262" 5 41 3420 0.129882657479017 -0.11028588344793 3450
"263" 5 42 3540 -0.312767839488175 -0.0282360440340138 3550
"264" 5 43 3660 -0.483273941486159 0.161130459245737 3650
"265" 5 44 3780 -0.42012307362606 -0.107911229659968 3750
"266" 5 45 3900 -0.529155513437455 -0.800620420793866 3950
"267" 5 46 4020 -0.620047591012096 -0.80094928319309 4050
"268" 5 47 4140 -0.627757688959866 0.107918404273325 4150
"269" 5 48 4260 -0.460152736343576 0.453445114092078 4250
"270" 5 49 4380 -0.659905194378319 0.379820899972638 4350
"271" 5 50 4500 -0.70448993994173 0.300943462854654 4550
"272" 5 51 4620 -0.728152829789218 0.718616557952302 4650
"273" 5 52 4740 0.867132463970267 0.534671974780533 4750
"274" 5 53 4860 -0.279123673082069 0.57330975258166 4850
"275" 5 54 4980 0.839792221352799 -0.144966905841481 4950
"276" 5 55 5100 0.759511568010271 -0.0827394654103361 5150
"277" 5 56 5220 0.817433144397458 -0.483206096377503 5250
"278" 5 57 5340 0.805417441849053 -0.00908121367111849 5350
"279" 5 58 5460 0.877741206861838 0.872747576570589 5450
"280" 5 59 5580 0.878283115088749 0.530344120307999 5550
"281" 6 7 60 0.942456288151504 0.926049177612893 50
"282" 6 8 120 0.811074262205246 0.886295071066828 150
"283" 6 9 180 0.773408720560957 0.832319398684448 150
"284" 6 10 240 0.587702374144845 0.817815438685634 250
"285" 6 11 300 0.549984637145089 0.771265590725525 350
"286" 6 12 360 0.452284861876901 0.620736464616061 350
"287" 6 13 420 0.393693657121283 0.54191076114363 450
"288" 6 14 480 0.324679208794685 0.277307585448016 450
"289" 6 15 540 0.246688701251813 0.0621797429317073 550
"290" 6 16 600 0.24502201996168 0.241490018957758 650
"291" 6 17 660 0.13970772218947 0.56319721231001 650
"292" 6 18 720 0.118486229301534 -0.0149505234847399 750
"293" 6 19 780 0.0355357703739022 0.147432690352145 750
"294" 6 20 840 0.143490287255337 -0.209991652294951 850
"295" 6 21 960 0.101204217006708 0.00382265076367655 950
"296" 6 22 1080 0.176950711160591 -0.162354187468817 1050
"297" 6 23 1200 0.18779291982166 0.0271743686204525 1250
"298" 6 24 1320 0.197957855858841 0.0350673065074501 1350
"299" 6 25 1440 0.183881253785045 0.0230066899345547 1450
"300" 6 26 1560 0.125959620686303 0.10472839778344 1550
"301" 6 27 1680 -0.0446621372656629 0.0941431247664024 1650
"302" 6 28 1800 0.111061091904393 0.453825183539846 1850
"303" 6 29 1920 0.024401274859424 0.453017555621652 1950
"304" 6 30 2040 0.0243733781323509 0.437337627569353 2050
"305" 6 31 2160 0.22599247897763 0.431556687285735 2150
"306" 6 32 2280 0.259434223365304 0.343897743893481 2250
"307" 6 33 2400 0.51510033593859 -0.246291231389045 2450
"308" 6 34 2520 0.439571531280553 -0.266986524222171 2550
"309" 6 35 2640 0.582833387379408 -0.341118317685065 2650
"310" 6 36 2760 0.584939984100205 -0.19462896587196 2750
"311" 6 37 2880 0.53800669120319 -0.122713415727468 2850
"312" 6 38 3000 0.241308748831772 -0.195669226409877 3050
"313" 6 39 3120 0.455254352019178 0.0679555748906889 3150
"314" 6 40 3240 0.486680593674846 -0.172358597426924 3250
"315" 6 41 3360 0.558058980302032 -0.135271096355605 3350
"316" 6 42 3480 0.46761537917694 0.514830719314602 3450
"317" 6 43 3600 0.427663212663379 0.151415380577731 3650
"318" 6 44 3720 0.636930183938961 0.79148618048979 3750
"319" 6 45 3840 0.560961433722966 0.222168687287235 3850
"320" 6 46 3960 0.507634590160155 0.383298393457444 3950
"321" 6 47 4080 0.425409255342574 0.370331373939639 4050
"322" 6 48 4200 0.485171392774633 0.46174579735781 4250
"323" 6 49 4320 0.647454634818542 0.766174077933529 4350
"324" 6 50 4440 0.822165121483204 0.589317727811613 4450
"325" 6 51 4560 0.925967094105577 0.674888930767867 4550
"326" 6 52 4680 0.869603115289916 0.297376369143085 4650
"327" 6 53 4800 0.892161696616644 0.32628846250787 4850
"328" 6 54 4920 0.865629522830171 0.241936573643005 4950
"329" 6 55 5040 0.815012505209049 0.117618578899137 5050
"330" 6 56 5160 0.876224600061337 -0.109953139025159 5150
"331" 6 57 5280 0.892851399835568 0.315389701194882 5250
"332" 6 58 5400 0.922656058569327 0.49559621941349 5450
"333" 6 59 5520 0.9240359962363 0.383064649089168 5550
"334" 7 8 60 0.949519051716443 0.966572205918522 50
"335" 7 9 120 0.896587383086035 0.896475891410903 150
"336" 7 10 180 0.746755874688974 0.853571449996711 150
"337" 7 11 240 0.586092795531097 0.79030068403979 250
"338" 7 12 300 0.466852131037852 0.658649612491723 350
"339" 7 13 360 0.365789532824017 0.503443227192745 350
"340" 7 14 420 0.306686417145525 0.267581899283167 450
"341" 7 15 480 0.164640677117797 0.348351829563965 450
"342" 7 16 540 0.103991959508196 0.460245492379691 550
"343" 7 17 600 0.0275553065157922 0.331610030869526 650
"344" 7 18 660 -0.00485692511940649 0.111793124285842 650
"345" 7 19 720 -0.175541128168745 0.186909761882895 750
"346" 7 20 780 -0.131491450170527 0.0895393121958804 750
"347" 7 21 900 -0.0721861959655211 -0.105663349395451 950
"348" 7 22 1020 -0.00301944958415336 -0.156178597066403 1050
"349" 7 23 1140 0.00020171965088925 -0.122153569780389 1150
"350" 7 24 1260 0.040293147399847 -0.0667321370404379 1250
"351" 7 25 1380 0.0294193091735647 -0.0711710721467978 1350
"352" 7 26 1500 0.0461263910479503 -0.116082496867502 1550
"353" 7 27 1620 0.0034936809495509 -0.0988429328642908 1650
"354" 7 28 1740 0.176029787665127 0.0953024269729267 1750
"355" 7 29 1860 0.122979564125025 0.18709169668142 1850
"356" 7 30 1980 0.169359989730747 0.201182273209775 1950
"357" 7 31 2100 0.20781909541932 0.230658161857461 2150
"358" 7 32 2220 0.122119030397045 0.215063033449637 2250
"359" 7 33 2340 0.115204224447514 -0.201772166704326 2350
"360" 7 34 2460 0.152846397238412 -0.1678409116939 2450
"361" 7 35 2580 0.365736853897371 -0.272256030362836 2550
"362" 7 36 2700 0.136660491779354 -0.234290096465393 2750
"363" 7 37 2820 0.396502385138338 -0.166900927274754 2850
"364" 7 38 2940 0.213359374754683 -0.1622927638937 2950
"365" 7 39 3060 0.379551885685289 -0.0558366624341008 3050
"366" 7 40 3180 -0.0161260087628314 -0.0752540942678011 3150
"367" 7 41 3300 -0.117114804975448 -0.0705239331002352 3350
"368" 7 42 3420 -0.146158094228923 0.166785304213658 3450
"369" 7 43 3540 -0.109564557332019 0.00454078698442256 3550
"370" 7 44 3660 -0.184839147218162 0.176658222200563 3650
"371" 7 45 3780 -0.210645199541785 0.0893771197057346 3750
"372" 7 46 3900 -0.214139982486955 0.142614454167364 3950
"373" 7 47 4020 0.0250562913131481 0.498367959429214 4050
"374" 7 48 4140 0.118359036773705 0.320847683349652 4150
"375" 7 49 4260 0.00699516544961043 0.731673584159287 4250
"376" 7 50 4380 -0.0441301640658343 0.307447252823168 4350
"377" 7 51 4500 0.00152387738226751 0.479785482191539 4550
"378" 7 52 4620 0.35864130221592 0.446440509734853 4650
"379" 7 53 4740 0.231026271646768 0.808549054802231 4750
"380" 7 54 4860 0.547163150525619 0.736976806189585 4850
"381" 7 55 4980 0.587331033430331 0.0648079302385419 4950
"382" 7 56 5100 0.658796047903093 -0.0441685702047125 5150
"383" 7 57 5220 0.646950223144071 0.434553965606107 5250
"384" 7 58 5340 0.736265229586672 0.610294277723928 5350
"385" 7 59 5460 0.7627195383142 0.609908169693542 5450
"386" 8 9 60 0.925455048521558 0.919205980733984 50
"387" 8 10 120 0.824852636199524 0.911409033048805 150
"388" 8 11 180 0.62681640276752 0.860808336793225 150
"389" 8 12 240 0.476611421911127 0.785612107888108 250
"390" 8 13 300 0.375472845973643 0.67745914999273 350
"391" 8 14 360 0.361569077465877 0.311572457310891 350
"392" 8 15 420 0.107615229983473 0.436148637283448 450
"393" 8 16 480 0.00700365263053037 0.497570800093929 450
"394" 8 17 540 0.0382032469055976 0.665352023836217 550
"395" 8 18 600 0.065243413957054 0.29811999129187 650
"396" 8 19 660 -0.281613486304857 0.599391164963492 650
"397" 8 20 720 0.057636454520894 0.242141867972708 750
"398" 8 21 840 0.324494059186858 0.355645193973659 850
"399" 8 22 960 0.223731889778256 -0.13580422448144 950
"400" 8 23 1080 0.218218337550515 -0.0609796195771493 1050
"401" 8 24 1200 0.268653955680063 -0.0531291255845467 1250
"402" 8 25 1320 0.286446293735774 -0.0608454637042103 1350
"403" 8 26 1440 0.243848230332491 -0.115046279850291 1450
"404" 8 27 1560 0.319865549929293 0.0303453814383326 1550
"405" 8 28 1680 0.0767733513639106 0.284897342257761 1650
"406" 8 29 1800 0.134623186705276 0.299219324615325 1850
"407" 8 30 1920 0.235830668005768 0.320761757772788 1950
"408" 8 31 2040 0.428884694299077 0.276714161760884 2050
"409" 8 32 2160 0.433789488983678 0.247260350435479 2150
"410" 8 33 2280 0.120868140867256 -0.273225028281946 2250
"411" 8 34 2400 -0.070374736315335 -0.189209747053494 2450
"412" 8 35 2520 0.277805784139618 -0.269565566558948 2550
"413" 8 36 2640 0.0005824254164346 -0.28450553514375 2650
"414" 8 37 2760 0.264671060955597 -0.213189496897247 2750
"415" 8 38 2880 -0.00247260732692439 -0.188008943971424 2850
"416" 8 39 3000 0.143240344084306 -0.0491112273751605 3050
"417" 8 40 3120 0.0471019003098693 -0.119154358384679 3150
"418" 8 41 3240 -0.108577550081174 -0.173413553104878 3250
"419" 8 42 3360 -0.154086130805957 0.111032729926157 3350
"420" 8 43 3480 -0.146680583131188 0.0189013366469491 3450
"421" 8 44 3600 -0.24235479246964 0.137591890786868 3650
"422" 8 45 3720 -0.260180653510434 0.0953331577752888 3750
"423" 8 46 3840 -0.293800767980369 0.215263027885622 3850
"424" 8 47 3960 -0.106747098774872 0.258070842038338 3950
"425" 8 48 4080 -0.0858677794631561 0.247099506773064 4050
"426" 8 49 4200 -0.0641228033032826 0.548232067710245 4250
"427" 8 50 4320 -0.227132440426257 0.284738607919326 4350
"428" 8 51 4440 -0.176059935038945 0.463814383931442 4450
"429" 8 52 4560 0.148755893622124 0.432706470995138 4550
"430" 8 53 4680 0.12165466576205 0.825075317647835 4650
"431" 8 54 4800 0.363005423769943 0.716992622282087 4850
"432" 8 55 4920 0.522951298600106 -0.169077776694919 4950
"433" 8 56 5040 0.582399177279938 -0.271276136358224 5050
"434" 8 57 5160 0.563845416661704 0.124246685377458 5150
"435" 8 58 5280 0.675638391314536 0.429461136734206 5250
"436" 8 59 5400 0.707039315076398 0.480441407529015 5450
"437" 9 10 60 0.935083256260842 0.935661241800372 50
"438" 9 11 120 0.848088758741338 0.872770651295944 150
"439" 9 12 180 0.717493084045512 0.790354776542448 150
"440" 9 13 240 0.597026198371824 0.701673111918653 250
"441" 9 14 300 0.506896243949727 0.582025469362138 350
"442" 9 15 360 0.251905084966194 0.379489240230098 350
"443" 9 16 420 0.112312661237585 0.424752344412498 450
"444" 9 17 480 0.0989681244317349 0.643933451419596 450
"445" 9 18 540 0.101908014613503 -0.130325926908054 550
"446" 9 19 600 -0.0235744161634671 0.183894136590122 650
"447" 9 20 660 0.040795743735943 -0.155159604314358 650
"448" 9 21 780 0.00537099382958935 0.0953963547868416 750
"449" 9 22 900 -0.0949206180959352 -0.163981128884629 950
"450" 9 23 1020 -0.0350194046827601 0.00107575401567745 1050
"451" 9 24 1140 0.0828274236941045 -0.10367153978173 1150
"452" 9 25 1260 -0.12639587017301 -0.114555246003951 1250
"453" 9 26 1380 -0.0485535532885443 -0.0845040675036409 1350
"454" 9 27 1500 -0.0206885794738437 0.0306017616609375 1550
"455" 9 28 1620 0.0680888465901895 0.162010200416344 1650
"456" 9 29 1740 0.0683603033109996 0.23418306517915 1750
"457" 9 30 1860 -0.0137744520160893 0.377758152316653 1850
"458" 9 31 1980 0.211666262774433 0.332000321982174 1950
"459" 9 32 2100 0.118215456933791 0.219369218982222 2150
"460" 9 33 2220 0.211214083144573 -0.225710148611413 2250
"461" 9 34 2340 0.0479502094034914 -0.225165475071247 2350
"462" 9 35 2460 0.354688127850396 -0.291490608503986 2450
"463" 9 36 2580 0.105389747335463 -0.328024540097994 2550
"464" 9 37 2700 0.357898811183824 -0.23626826801524 2750
"465" 9 38 2820 -0.00661335021285494 -0.215334812459822 2850
"466" 9 39 2940 0.150681278324853 -0.0970176930611108 2950
"467" 9 40 3060 -0.0687284800089924 -0.225594736361322 3050
"468" 9 41 3180 -0.281441331509853 -0.181919397663428 3150
"469" 9 42 3300 -0.184233461295599 0.0862454150017514 3350
"470" 9 43 3420 0.0578643919257986 -0.0700589540466566 3450
"471" 9 44 3540 0.00136347438136567 0.0526367226805819 3550
"472" 9 45 3660 -0.0608364515924833 -0.0866411282637124 3650
"473" 9 46 3780 -0.037478847848822 -0.0546961568501811 3750
"474" 9 47 3900 0.206353468363313 0.0248264037224395 3950
"475" 9 48 4020 0.297472442143576 0.189440784729043 4050
"476" 9 49 4140 0.304419581258385 0.388651640486501 4150
"477" 9 50 4260 -0.115765131584616 0.229345334023033 4250
"478" 9 51 4380 -0.0281198035677524 0.426302291100873 4350
"479" 9 52 4500 0.156906920522614 0.46660761956993 4550
"480" 9 53 4620 0.402425174295325 0.823373545798919 4650
"481" 9 54 4740 0.252646511361812 0.7260988911885 4750
"482" 9 55 4860 0.403470217055105 -0.338359714968493 4850
"483" 9 56 4980 0.511479929062732 -0.367833849382094 4950
"484" 9 57 5100 0.559840177163837 -0.219868377771278 5150
"485" 9 58 5220 0.632039795321306 0.373838792368309 5250
"486" 9 59 5340 0.702301680801474 0.22205812542857 5350
"487" 10 11 60 0.911070531560657 0.966917641114219 50
"488" 10 12 120 0.81147472555403 0.793298654782433 150
"489" 10 13 180 0.714355630982103 0.696344920140599 150
"490" 10 14 240 0.652629636918364 0.511146167154889 250
"491" 10 15 300 0.319724801928208 0.308809071331683 350
"492" 10 16 360 0.159462277353034 0.362887993836338 350
"493" 10 17 420 0.243433110325282 0.569598473738273 450
"494" 10 18 480 0.21818287502384 0.0811839007870849 450
"495" 10 19 540 -0.0311843417269011 0.507890075110059 550
"496" 10 20 600 0.0695202385194214 0.116635757198763 650
"497" 10 21 720 -0.00280229226409085 0.314313818618901 750
"498" 10 22 840 -0.142860471371564 -0.162982804639202 850
"499" 10 23 960 -0.189306933112197 -0.0024235804619629 950
"500" 10 24 1080 -0.276776757832684 -0.0831615677193941 1050
"501" 10 25 1200 -0.0770778723314319 0.0407594507570026 1250
"502" 10 26 1320 -0.115330447579544 -0.110641431843386 1350
"503" 10 27 1440 0.12903851981575 0.1180421461376 1450
"504" 10 28 1560 0.0679997835061038 0.337093442361854 1550
"505" 10 29 1680 0.0840042214392269 0.378420446780237 1650
"506" 10 30 1800 0.080892779942028 0.414317581101557 1850
"507" 10 31 1920 0.284761229132307 0.411122621278272 1950
"508" 10 32 2040 0.252891787552008 0.293816437126907 2050
"509" 10 33 2160 0.228177062058192 -0.286762570192487 2150
"510" 10 34 2280 -0.00276414941999818 -0.285472793808679 2250
"511" 10 35 2400 0.261654482239713 -0.313021764661625 2450
"512" 10 36 2520 0.0221965099553795 -0.359131884320535 2550
"513" 10 37 2640 -0.0699532383259504 -0.27324139684888 2650
"514" 10 38 2760 -0.336319689981478 -0.253292527891765 2750
"515" 10 39 2880 -0.165176047842766 -0.110118308685648 2850
"516" 10 40 3000 -0.0626923635469713 -0.234814748632815 3050
"517" 10 41 3120 -0.163024112012014 -0.203482779989395 3150
"518" 10 42 3240 -0.325470136891463 0.0594511381990735 3250
"519" 10 43 3360 -0.282128164434671 0.0144125301147207 3350
"520" 10 44 3480 -0.303274720787168 0.334132238783571 3450
"521" 10 45 3600 -0.452652158580389 0.168421707716422 3650
"522" 10 46 3720 -0.651566012332337 0.206411542157389 3750
"523" 10 47 3840 -0.356759344578454 0.533098479499133 3850
"524" 10 48 3960 -0.44517479485281 0.353376833226588 3950
"525" 10 49 4080 -0.572985313865215 0.700200399962059 4050
"526" 10 50 4200 -0.4545211510671 0.317096291713702 4250
"527" 10 51 4320 -0.298049484979382 0.510563277772428 4350
"528" 10 52 4440 -0.0451116394777348 0.55067658498544 4450
"529" 10 53 4560 -0.0186107872856864 0.716713520364846 4550
"530" 10 54 4680 0.505465429405635 0.599363295529857 4650
"531" 10 55 4800 0.575179021692846 0.269268025098498 4850
"532" 10 56 4920 0.637601008088105 -0.149703446560047 4950
"533" 10 57 5040 0.585595338490436 -0.738074885012792 5050
"534" 10 58 5160 0.48501644581376 -0.512033702220839 5150
"535" 10 59 5280 0.206931802115174 -0.136514408750644 5250
"536" 11 12 60 0.956812766631637 0.982507711820501 50
"537" 11 13 120 0.89002465632391 0.951278892410588 150
"538" 11 14 180 0.793270825835991 0.711748706318557 150
"539" 11 15 240 0.58953805895745 0.88595237015542 250
"540" 11 16 300 0.51462101821163 0.742117777298797 350
"541" 11 17 360 0.618038287763667 0.758761513437466 350
"542" 11 18 420 0.497417619378514 0.196946484820511 450
"543" 11 19 480 0.449526270671939 0.101044522387829 450
"544" 11 20 540 0.274036047207179 0.118313034944939 550
"545" 11 21 660 0.350975048766545 0.303288934996041 650
"546" 11 22 780 0.0987437776348962 -0.104688061398478 750
"547" 11 23 900 0.116362095544675 0.138272488583841 950
"548" 11 24 1020 0.130135852491214 0.0896673946230023 1050
"549" 11 25 1140 0.0767038888419367 0.136541359588321 1150
"550" 11 26 1260 0.0188270101435972 0.110685797693756 1250
"551" 11 27 1380 0.185705602790622 0.140874440490564 1350
"552" 11 28 1500 0.134008255608852 0.285196709101305 1550
"553" 11 29 1620 0.147861909859014 0.270936420460098 1650
"554" 11 30 1740 0.032722000362668 0.368282483400638 1750
"555" 11 31 1860 0.135135643774974 0.334966285654403 1850
"556" 11 32 1980 -0.00640227025636144 0.224527330665961 1950
"557" 11 33 2100 0.292847384506744 -0.156627238965642 2150
"558" 11 34 2220 0.11435997578735 -0.287913477263678 2250
"559" 11 35 2340 0.45840264479688 -0.266612037810253 2350
"560" 11 36 2460 0.237171251067206 -0.287009423743208 2450
"561" 11 37 2580 0.192498981579677 -0.239135534765223 2550
"562" 11 38 2700 -0.231533854458485 -0.231178819654656 2750
"563" 11 39 2820 -0.234551546695064 -0.175237450710737 2850
"564" 11 40 2940 0.0153551980776431 -0.303036010911026 2950
"565" 11 41 3060 0.0389812630494205 -0.271874138455027 3050
"566" 11 42 3180 -0.2251788507256 -0.182673248045917 3150
"567" 11 43 3300 -0.452484762042335 -0.0978095558773945 3350
"568" 11 44 3420 -0.297081703060477 0.201765640879948 3450
"569" 11 45 3540 -0.558732526959808 0.0613313770831275 3550
"570" 11 46 3660 -0.52457939439868 0.0373613181165549 3650
"571" 11 47 3780 -0.348438628249374 0.214773415999696 3750
"572" 11 48 3900 -0.168027240749515 0.260226438021452 3950
"573" 11 49 4020 -0.495701564249167 0.589615960757202 4050
"574" 11 50 4140 -0.32494156737742 0.229354419431909 4150
"575" 11 51 4260 -0.125554015846046 0.432473888138211 4250
"576" 11 52 4380 -0.0448654714258757 0.518519927591259 4350
"577" 11 53 4500 0.227997026988463 0.687315436403914 4550
"578" 11 54 4620 0.511793523691621 0.564450434227993 4650
"579" 11 55 4740 0.587246309293976 0.169088414492049 4750
"580" 11 56 4860 0.672709168401159 -0.148717018245435 4850
"581" 11 57 4980 0.632787990380788 -0.515222110644795 4950
"582" 11 58 5100 0.444844999257408 -0.425901849905777 5150
"583" 11 59 5220 0.0384329386908259 -0.288015917653419 5250
"584" 12 13 60 0.955525234201234 0.936847366951829 50
"585" 12 14 120 0.877781163097224 0.752696025498157 150
"586" 12 15 180 0.721919382439953 0.829217946913525 150
"587" 12 16 240 0.59944402974794 0.581206339338471 250
"588" 12 17 300 0.656452530260783 0.565774338316904 350
"589" 12 18 360 0.475142031068468 0.0854887056015675 350
"590" 12 19 420 0.554705693664064 0.321599560949897 450
"591" 12 20 480 0.287150021553124 0.0102724170178973 450
"592" 12 21 600 0.17129363117512 -0.102699520676354 650
"593" 12 22 720 0.000527925425237653 -0.005965517237132 750
"594" 12 23 840 -0.0349303518192446 0.277725060095773 850
"595" 12 24 960 -0.0856533550792089 -0.012389660570998 950
"596" 12 25 1080 0.000847377377285849 0.0827318750807335 1050
"597" 12 26 1200 -0.0675302296673807 0.134960538949294 1250
"598" 12 27 1320 -0.0636845689668127 0.152351087084127 1350
"599" 12 28 1440 -0.129141326663417 0.363144256017679 1450
"600" 12 29 1560 -0.110115333800912 0.2724123479721 1550
"601" 12 30 1680 -0.048021523959493 0.368657904007284 1650
"602" 12 31 1800 0.0578585311385703 0.246827922946809 1850
"603" 12 32 1920 -0.0142401633995503 0.182983287354584 1950
"604" 12 33 2040 0.134486008341488 -0.0460743900756816 2050
"605" 12 34 2160 -0.00280354907254022 -0.140602638593541 2150
"606" 12 35 2280 0.0397748858088656 -0.206587922126922 2250
"607" 12 36 2400 0.128621186715702 -0.330557354732106 2450
"608" 12 37 2520 0.00155044912320815 -0.262975740836414 2550
"609" 12 38 2640 -0.21051901670997 -0.244751315285358 2650
"610" 12 39 2760 -0.185783718333227 -0.191558446176696 2750
"611" 12 40 2880 0.0711813309487707 -0.324758384278583 2850
"612" 12 41 3000 0.172532873872904 -0.260519527505698 3050
"613" 12 42 3120 0.0441541392567903 -0.0728180675879911 3150
"614" 12 43 3240 0.0453867124058991 -0.0306198008513118 3250
"615" 12 44 3360 0.0871217929366166 0.132563348075049 3350
"616" 12 45 3480 -0.216169307198709 0.0621382998650324 3450
"617" 12 46 3600 -0.345648139018638 0.069199102418743 3650
"618" 12 47 3720 -0.00233013479182892 0.307459735281785 3750
"619" 12 48 3840 -0.144472166547696 0.254395566387687 3850
"620" 12 49 3960 -0.324640521391077 0.470422593179274 3950
"621" 12 50 4080 -0.283114293971895 0.18999378277871 4050
"622" 12 51 4200 -0.174861955544185 0.408752526996807 4250
"623" 12 52 4320 -0.144334671146174 0.567564634453415 4350
"624" 12 53 4440 0.00810953325650022 0.752187790248419 4450
"625" 12 54 4560 0.291815527600595 0.640716564959537 4550
"626" 12 55 4680 0.37812531332076 0.365874679947882 4650
"627" 12 56 4800 0.474257705837753 -0.00842114539389855 4850
"628" 12 57 4920 0.451491091115452 -0.417412181250768 4950
"629" 12 58 5040 0.266715214748914 -0.288307781020645 5050
"630" 12 59 5160 -0.117190368155824 -0.059842973192958 5150
"631" 13 14 60 0.938436280588915 0.908099416427783 50
"632" 13 15 120 0.795150554572322 0.977219497222567 150
"633" 13 16 180 0.660021653524281 0.81011617442611 150
"634" 13 17 240 0.653234301848373 0.840543701104462 250
"635" 13 18 300 0.552310007648278 0.449588830000845 350
"636" 13 19 360 0.580615665204274 0.398631633838305 350
"637" 13 20 420 0.383361639149471 0.119775026414804 450
"638" 13 21 540 0.259436191476925 0.356142804571391 550
"639" 13 22 660 0.0608794816115186 0.103972064461683 650
"640" 13 23 780 0.00199668943048622 0.331421279566416 750
"641" 13 24 900 -0.0433931037548803 0.0208250791406726 950
"642" 13 25 1020 -0.0138115177893445 0.0272778438116662 1050
"643" 13 26 1140 -0.0687982440330799 0.136378903855761 1150
"644" 13 27 1260 -0.0632237819112331 0.156359427331173 1250
"645" 13 28 1380 -0.0941134122028037 0.240714820696824 1350
"646" 13 29 1500 -0.0848241656927147 0.195310603131717 1550
"647" 13 30 1620 -0.14291075346507 0.392188779821173 1650
"648" 13 31 1740 -0.076988836017646 0.249352087087646 1750
"649" 13 32 1860 -0.137570658916927 0.116969569336604 1850
"650" 13 33 1980 0.303982881396926 -0.0280220028138974 1950
"651" 13 34 2100 0.191062446240224 -0.1918009925536 2150
"652" 13 35 2220 0.282753829286847 -0.153046012155871 2250
"653" 13 36 2340 0.218108376747678 -0.258667650305526 2350
"654" 13 37 2460 0.181814522537302 -0.222184948000278 2450
"655" 13 38 2580 -0.20593091740261 -0.249961202174583 2550
"656" 13 39 2700 0.111725977377133 -0.232736509975086 2750
"657" 13 40 2820 0.165691480616981 -0.319893225273633 2850
"658" 13 41 2940 0.079659484653604 -0.250773045358794 2950
"659" 13 42 3060 0.156208318513004 -0.11575881959318 3050
"660" 13 43 3180 0.184635128959371 -0.105044646019068 3150
"661" 13 44 3300 0.299323784697797 0.354861895789048 3350
"662" 13 45 3420 0.298227258602469 0.0593262834506799 3450
"663" 13 46 3540 -0.0703735258642255 0.15588115832143 3550
"664" 13 47 3660 0.047415245782931 0.291773504385889 3650
"665" 13 48 3780 -0.207679498343901 0.312534036580459 3750
"666" 13 49 3900 -0.202519906993887 0.0224985777872645 3950
"667" 13 50 4020 -0.207975485197073 0.186337776502352 4050
"668" 13 51 4140 -0.167374680018797 0.482506031515485 4150
"669" 13 52 4260 -0.105414709044912 0.561002945511617 4250
"670" 13 53 4380 -0.0830533379918632 0.739828310823911 4350
"671" 13 54 4500 0.0975807440534134 0.678271040211367 4550
"672" 13 55 4620 0.155551545094434 0.338846284037123 4650
"673" 13 56 4740 0.346057516993078 0.0539433428570685 4750
"674" 13 57 4860 0.314395401342254 -0.625698796426887 4850
"675" 13 58 4980 0.191355926397861 -0.583556880995166 4950
"676" 13 59 5100 -0.0947150605591934 -0.31175926877737 5150
"677" 14 15 60 0.955146379767452 0.935223426301867 50
"678" 14 16 120 0.865744336542279 0.665297070261459 150
"679" 14 17 180 0.80540208986208 0.818578356417536 150
"680" 14 18 240 0.691034444046446 0.566587698169298 250
"681" 14 19 300 0.673571785330485 0.445380230192968 350
"682" 14 20 360 0.45781930061501 0.49952086021975 350
"683" 14 21 480 0.291186067349302 0.545300825542599 450
"684" 14 22 600 0.0290898410193225 0.281882297276391 650
"685" 14 23 720 -0.125472614995819 0.370581438146242 750
"686" 14 24 840 -0.134973152274823 0.264754989212276 850
"687" 14 25 960 -0.0815706684138032 0.258750973934072 950
"688" 14 26 1080 -0.12045914046005 0.136771498330648 1050
"689" 14 27 1200 -0.0190420981653451 0.0607775543906355 1250
"690" 14 28 1320 -0.144790510931412 0.00416210301812256 1350
"691" 14 29 1440 -0.0856213716753782 0.169705265257303 1450
"692" 14 30 1560 -0.107721263840672 0.408076839215124 1550
"693" 14 31 1680 -0.0557404266213451 0.338208992006242 1650
"694" 14 32 1800 -0.0848987031847441 -0.132007064764587 1850
"695" 14 33 1920 0.179268513834768 0.0552057661201114 1950
"696" 14 34 2040 -0.093150659440805 0.00220083107627509 2050
"697" 14 35 2160 0.0287093958787165 -0.17607694932838 2150
"698" 14 36 2280 -0.0445686950802171 -0.211376392948076 2250
"699" 14 37 2400 -0.0922146038151029 -0.147437055490485 2450
"700" 14 38 2520 -0.291234017210596 -0.132963763685235 2550
"701" 14 39 2640 -0.299627163804395 -0.126408066850654 2650
"702" 14 40 2760 0.118445392353418 -0.234555603739804 2750
"703" 14 41 2880 0.0464270648452691 0.304739182883901 2850
"704" 14 42 3000 -0.0312715579305314 0.323772072702155 3050
"705" 14 43 3120 -0.110894841755701 0.443501055035289 3150
"706" 14 44 3240 -0.0711253462411308 -0.110922316670282 3250
"707" 14 45 3360 -0.416837429237933 -0.368052778794402 3350
"708" 14 46 3480 -0.44342735057229 -0.396091198658052 3450
"709" 14 47 3600 -0.0828516440623354 0.220932090344803 3650
"710" 14 48 3720 -0.0596223781189923 0.102147215891399 3750
"711" 14 49 3840 -0.157365142909946 0.296366510943019 3850
"712" 14 50 3960 -0.105500471496279 -0.0162564152170275 3950
"713" 14 51 4080 -0.121646735632603 0.140186260625798 4050
"714" 14 52 4200 0.00472841946667746 0.220050708096701 4250
"715" 14 53 4320 -0.094944048530648 0.552359744757575 4350
"716" 14 54 4440 0.197834572326024 0.632796973303962 4450
"717" 14 55 4560 0.238938879175036 0.373489125847616 4550
"718" 14 56 4680 0.215838709640573 0.169100726814826 4650
"719" 14 57 4800 0.133880882558077 -0.387946425046926 4850
"720" 14 58 4920 0.0717845729815165 -0.342356821127121 4950
"721" 14 59 5040 -0.0551907262930529 0.129150881882234 5050
"722" 15 16 60 0.930337051040257 0.986213090651949 50
"723" 15 17 120 0.863588489347143 0.849874512860157 150
"724" 15 18 180 0.768957343916754 0.83870419588928 150
"725" 15 19 240 0.733743375128134 0.290653607360578 250
"726" 15 20 300 0.515998581079564 0.717955367341966 350
"727" 15 21 420 0.268528537105514 0.224531466093709 450
"728" 15 22 540 0.217429771652568 0.0521429573645861 550
"729" 15 23 660 0.0898039737710857 0.272356071784358 650
"730" 15 24 780 0.0585119127148826 0.0566084754020778 750
"731" 15 25 900 0.189327493643516 -0.0761534537264848 950
"732" 15 26 1020 0.0824258125133435 -0.0503524939087204 1050
"733" 15 27 1140 0.071973859646986 -0.0772053636055799 1150
"734" 15 28 1260 -0.100046492587136 -0.129702931351426 1250
"735" 15 29 1380 -0.181967548209261 -0.0820276913179791 1350
"736" 15 30 1500 -0.156473712421368 0.289257961105408 1550
"737" 15 31 1620 0.00509264442660424 -0.0850016206758994 1650
"738" 15 32 1740 -0.180652179139034 -0.109001715273229 1750
"739" 15 33 1860 0.0745327015558969 -0.10342649065889 1850
"740" 15 34 1980 0.165514809055671 -0.22801856102375 1950
"741" 15 35 2100 0.439106749968418 -0.163799690940004 2150
"742" 15 36 2220 0.254425088782242 -0.276307360376212 2250
"743" 15 37 2340 0.213166519827829 -0.205152241517752 2350
"744" 15 38 2460 -0.0138317951427653 -0.243721210849521 2450
"745" 15 39 2580 0.0141602169635266 -0.260459446543063 2550
"746" 15 40 2700 0.0602726873868248 0.266704110453535 2750
"747" 15 41 2820 0.0691475036821387 -0.155734666067933 2850
"748" 15 42 2940 0.111851928883354 0.024673668293753 2950
"749" 15 43 3060 0.188780717851582 -0.0915125814378372 3050
"750" 15 44 3180 0.502298627878085 -0.187875483739016 3150
"751" 15 45 3300 0.0576484307336634 -0.181904518831383 3350
"752" 15 46 3420 0.110737572200808 -0.139100474435988 3450
"753" 15 47 3540 -0.0214994653857544 0.210107011565621 3550
"754" 15 48 3660 0.00960067717195785 0.173850005928807 3650
"755" 15 49 3780 -0.0059175437380329 0.42124562439575 3750
"756" 15 50 3900 0.36794764491531 0.0168212115426811 3950
"757" 15 51 4020 0.360447229384343 0.277224230504112 4050
"758" 15 52 4140 0.335074578489983 0.417187161235499 4150
"759" 15 53 4260 0.115671380973946 0.76768047634435 4250
"760" 15 54 4380 0.151620151620287 0.698631372573084 4350
"761" 15 55 4500 0.110501939172198 0.461233535469604 4550
"762" 15 56 4620 0.194670431364804 0.107793785019431 4650
"763" 15 57 4740 0.111886719369902 -0.574266374609261 4750
"764" 15 58 4860 0.127541172726273 0.0477592417262519 4850
"765" 15 59 4980 0.0171015226923471 0.458276858776367 4950
"766" 16 17 60 0.964008225509706 0.936569361456294 50
"767" 16 18 120 0.931064503875248 0.76722902071829 150
"768" 16 19 180 0.784248015503004 0.516919519643439 150
"769" 16 20 240 0.749558769780727 0.586128274976727 250
"770" 16 21 360 0.680652720259829 0.26135329760924 350
"771" 16 22 480 0.552952234288926 0.0608426578723827 450
"772" 16 23 600 0.477024204628674 0.215240277975473 650
"773" 16 24 720 0.51073803793551 0.0283875902587557 750
"774" 16 25 840 0.572566981436205 -0.0863573962190887 850
"775" 16 26 960 0.46269796593253 -0.0380078754300069 950
"776" 16 27 1080 0.467293481987712 -0.0296918295536892 1050
"777" 16 28 1200 0.396279919375242 -0.00857208293586058 1250
"778" 16 29 1320 -0.147618508555187 0.136083442812049 1350
"779" 16 30 1440 0.00727618546552406 0.454296120917215 1450
"780" 16 31 1560 0.0074494405507946 0.199317629379552 1550
"781" 16 32 1680 0.0301839821125163 0.138677000204056 1650
"782" 16 33 1800 0.111097910539499 -0.0648068457291547 1850
"783" 16 34 1920 0.016905814078009 -0.220274066659331 1950
"784" 16 35 2040 0.102270137038536 -0.16779307886224 2050
"785" 16 36 2160 0.17354167597254 -0.268798229091436 2150
"786" 16 37 2280 0.150973323987174 -0.215591790449199 2250
"787" 16 38 2400 -0.0566862731266973 -0.367152626917459 2450
"788" 16 39 2520 -0.18338153051371 -0.18809029531236 2550
"789" 16 40 2640 0.14171411265465 0.263384611369079 2650
"790" 16 41 2760 0.161987779396469 -0.200541968432089 2750
"791" 16 42 2880 0.0644596166230423 0.134598622309617 2850
"792" 16 43 3000 -0.0816637539030821 -0.026713786756484 3050
"793" 16 44 3120 0.00181620915571225 -0.106568736390951 3150
"794" 16 45 3240 -0.131704378411602 -0.0918483918378216 3250
"795" 16 46 3360 -0.145933203713868 -0.0335808090488535 3350
"796" 16 47 3480 -0.202320223822749 0.298029661967752 3450
"797" 16 48 3600 -0.191772226648531 0.20913588726199 3650
"798" 16 49 3720 -0.245513001292596 0.0843597374736338 3750
"799" 16 50 3840 0.446935125833291 -0.0473958886634791 3850
"800" 16 51 3960 0.447368078970592 0.220168363218969 3950
"801" 16 52 4080 0.221151563360458 0.429667459692165 4050
"802" 16 53 4200 -0.0731331722747111 0.713246041145168 4250
"803" 16 54 4320 0.114303882694835 0.737771693120182 4350
"804" 16 55 4440 0.0788897837945895 0.724154051694064 4450
"805" 16 56 4560 0.0263236461915459 0.556981548553694 4550
"806" 16 57 4680 -0.0337075918161626 0.825541830798253 4650
"807" 16 58 4800 -0.0996689026716385 0.773970970821617 4850
"808" 16 59 4920 -0.261358623294348 0.916622846271652 4950
"809" 17 18 60 0.947764053896261 0.795147639370521 50
"810" 17 19 120 0.841559817360951 0.556573960402781 150
"811" 17 20 180 0.618334170130687 0.218087863163748 150
"812" 17 21 300 0.496484646093574 0.520176345768035 350
"813" 17 22 420 0.208778961353539 0.290752737427098 450
"814" 17 23 540 0.0944128792546451 0.412000948153204 550
"815" 17 24 660 0.0963537814712761 0.274190171944639 650
"816" 17 25 780 0.148401383001922 0.075843766611925 750
"817" 17 26 900 -0.0999986573716135 0.332135953402134 950
"818" 17 27 1020 -0.0419286036654941 0.396051883786898 1050
"819" 17 28 1140 -0.181213480632991 0.416314091022629 1150
"820" 17 29 1260 -0.170437162260842 0.319996297378744 1250
"821" 17 30 1380 -0.0412352841016105 0.594399853331255 1350
"822" 17 31 1500 -0.0818582786558492 0.474924868812629 1550
"823" 17 32 1620 -0.0747060018630622 0.282875826604677 1650
"824" 17 33 1740 -0.117296920140884 0.0544508030247725 1750
"825" 17 34 1860 -0.291198242217744 -0.087656947107924 1850
"826" 17 35 1980 -0.382740865458324 0.108079125512851 1950
"827" 17 36 2100 -0.241719016622424 -0.237289970333739 2150
"828" 17 37 2220 -0.0917568260105893 -0.214656431135333 2250
"829" 17 38 2340 -0.168052686117841 -0.191525879179632 2350
"830" 17 39 2460 -0.351731604011781 0.0857314390656859 2450
"831" 17 40 2580 0.0971687927714701 0.0484104372612211 2550
"832" 17 41 2700 0.439571136135276 0.208273762374401 2750
"833" 17 42 2820 0.05351433685605 0.417511502107863 2850
"834" 17 43 2940 0.0123405223554691 0.0866226842448126 2950
"835" 17 44 3060 -0.123033621695949 -0.0775605418329457 3050
"836" 17 45 3180 -0.398929608935687 -0.0390574964047902 3150
"837" 17 46 3300 -0.50602624398227 -0.0215210161628497 3350
"838" 17 47 3420 -0.300270539757165 0.107008177174192 3450
"839" 17 48 3540 -0.301192078701017 0.0176494170361294 3550
"840" 17 49 3660 -0.31867301939872 0.0150155332227017 3650
"841" 17 50 3780 0.238200458917571 0.00956215292461639 3750
"842" 17 51 3900 0.161653611885752 0.131137300071133 3950
"843" 17 52 4020 -0.31910322893121 -0.113455368849647 4050
"844" 17 53 4140 -0.249589191736116 0.246708544474658 4150
"845" 17 54 4260 -0.111207677765294 0.424693198268416 4250
"846" 17 55 4380 -0.0499067583279508 0.431227803550937 4350
"847" 17 56 4500 -0.0772422923799538 0.407638939609124 4550
"848" 17 57 4620 -0.282941960412354 0.551000821250172 4650
"849" 17 58 4740 -0.124369391399754 0.200313739711416 4750
"850" 17 59 4860 -0.322931427440866 0.468883016926235 4850
"851" 18 19 60 0.914814731147323 0.901713890964441 50
"852" 18 20 120 0.930339347268015 0.878882381235518 150
"853" 18 21 240 0.837505631598213 0.572457979704666 250
"854" 18 22 360 0.711044313741827 0.423438406899258 350
"855" 18 23 480 0.629398867783305 0.333265493004765 450
"856" 18 24 600 0.593710843524066 0.225327356979841 650
"857" 18 25 720 0.632826200665456 0.0121238941687471 750
"858" 18 26 840 0.501606790383669 0.0720509321609055 850
"859" 18 27 960 0.499844313336831 0.0172481363821831 950
"860" 18 28 1080 0.371457891104864 -0.102823739128193 1050
"861" 18 29 1200 -0.222808591964616 0.0752398410669249 1250
"862" 18 30 1320 -0.051658176621209 0.231290833349304 1350
"863" 18 31 1440 -0.187813129350518 0.133181011157445 1450
"864" 18 32 1560 -0.266084633340518 -0.0287612272500851 1550
"865" 18 33 1680 -0.164803694159325 0.234745672321148 1650
"866" 18 34 1800 -0.1127233759769 -0.00269845407234398 1850
"867" 18 35 1920 -0.0890933952402804 0.202674519860993 1950
"868" 18 36 2040 -0.252590774420082 0.145262458715316 2050
"869" 18 37 2160 -0.18433551180437 0.133591546617609 2150
"870" 18 38 2280 -0.204685015380118 0.127783373432506 2250
"871" 18 39 2400 -0.341304089967577 0.182085494983061 2450
"872" 18 40 2520 -0.0706170568987857 0.423034394430407 2550
"873" 18 41 2640 0.248606944567455 0.404985295564196 2650
"874" 18 42 2760 -0.0809591501875221 0.631169801699879 2750
"875" 18 43 2880 -0.0121449072070464 0.285629234862943 2850
"876" 18 44 3000 -0.0424014125994858 0.0610864894540897 3050
"877" 18 45 3120 -0.402199631009689 0.232133713839488 3150
"878" 18 46 3240 -0.517040904707774 0.318813752563275 3250
"879" 18 47 3360 -0.338510205110007 0.0585914991956197 3350
"880" 18 48 3480 -0.361155680034215 -0.0452682896124865 3450
"881" 18 49 3600 -0.382940984115476 -0.104203735908876 3650
"882" 18 50 3720 0.118635516266798 -0.083816835804007 3750
"883" 18 51 3840 0.0640769626859209 0.0053124404609786 3850
"884" 18 52 3960 -0.443972156220145 -0.0325631383920253 3950
"885" 18 53 4080 -0.343338783195749 0.186995673815623 4050
"886" 18 54 4200 -0.26299069674109 0.358588973888173 4250
"887" 18 55 4320 -0.196990849796732 0.284016957076601 4350
"888" 18 56 4440 -0.208582034478703 0.511195124133294 4450
"889" 18 57 4560 -0.326338997004374 0.756812622734082 4550
"890" 18 58 4680 -0.235049267279319 0.722810228561434 4650
"891" 18 59 4800 -0.434631464344781 0.826023581534196 4850
"892" 19 20 60 0.905950426517508 0.943919453649302 50
"893" 19 21 180 0.829651643984471 0.788503125513406 150
"894" 19 22 300 0.548900781257879 0.59803610826887 350
"895" 19 23 420 0.4496998674865 0.0291752967511256 450
"896" 19 24 540 0.368491114431654 -0.0851590027101974 550
"897" 19 25 660 0.345382683188832 0.173061008031133 650
"898" 19 26 780 0.303941688656537 0.353276044261674 750
"899" 19 27 900 0.131613847506688 0.255505860435626 950
"900" 19 28 1020 0.0204789945064501 0.214893677469396 1050
"901" 19 29 1140 -0.00438542658142352 0.792387457307418 1150
"902" 19 30 1260 0.105573888337144 0.416391912862284 1250
"903" 19 31 1380 -0.122910684769167 0.791121108959268 1350
"904" 19 32 1500 -0.0496120255888822 0.156092755160137 1550
"905" 19 33 1620 0.189853752820871 0.652125275737215 1650
"906" 19 34 1740 0.0529446392988172 0.209683207258238 1750
"907" 19 35 1860 0.0662927318201342 0.385711668929759 1850
"908" 19 36 1980 0.248565262956295 0.392253622293034 1950
"909" 19 37 2100 0.0857978125287591 0.434732792154541 2150
"910" 19 38 2220 0.0318309989880717 0.321896478497769 2250
"911" 19 39 2340 0.0827964077553554 0.349066526171405 2350
"912" 19 40 2460 0.293326497003517 0.344443608661318 2450
"913" 19 41 2580 0.349757266778001 0.406088503731996 2550
"914" 19 42 2700 0.462199961510215 0.646862689013815 2750
"915" 19 43 2820 0.554268166604988 -0.0162534729770437 2850
"916" 19 44 2940 0.70198922597369 -0.0574412622818205 2950
"917" 19 45 3060 0.657957845380467 0.146856252532377 3050
"918" 19 46 3180 0.605905021012286 0.15881243697422 3150
"919" 19 47 3300 0.427974635421403 0.121613708546172 3350
"920" 19 48 3420 0.0371715724679507 -0.0783985342813507 3450
"921" 19 49 3540 0.496523245354361 -0.181689509962945 3550
"922" 19 50 3660 0.474820488180167 -0.409209411266239 3650
"923" 19 51 3780 0.432712737342599 -0.262403557068721 3750
"924" 19 52 3900 -0.020339739316201 0.102083174740177 3950
"925" 19 53 4020 0.443493627698212 0.247668943034631 4050
"926" 19 54 4140 -0.137308817687333 0.481358410912031 4150
"927" 19 55 4260 -0.100702610059347 0.295632339353334 4250
"928" 19 56 4380 -0.0712623821179938 0.475647142703765 4350
"929" 19 57 4500 -0.027321827060115 0.759886840014662 4550
"930" 19 58 4620 -0.0348896712160654 0.750398384383457 4650
"931" 19 59 4740 -0.149280020062584 0.656945572038837 4750
"932" 20 21 120 0.930951318606233 0.848653567521263 150
"933" 20 22 240 0.845175925353327 0.532416260053447 250
"934" 20 23 360 0.771690046096391 0.289272719434495 350
"935" 20 24 480 0.661193776093006 0.205640955196291 450
"936" 20 25 600 0.644339418140806 0.177819773401959 650
"937" 20 26 720 0.634214815095132 0.0270842026459871 750
"938" 20 27 840 0.553334683681921 -0.0348597009365206 850
"939" 20 28 960 0.515182085618655 -0.136981845883775 950
"940" 20 29 1080 0.113001339408623 -0.217028738390004 1050
"941" 20 30 1200 0.220555726036759 -0.245551663533179 1250
"942" 20 31 1320 -0.00706163782378741 -0.185265525143608 1350
"943" 20 32 1440 0.11120826032979 -0.0802497673034282 1450
"944" 20 33 1560 0.327311621307903 0.312561993494937 1550
"945" 20 34 1680 0.138014344835026 0.304362294084275 1650
"946" 20 35 1800 0.303344306696756 0.521398953073504 1850
"947" 20 36 1920 0.343071323177269 0.514725695887719 1950
"948" 20 37 2040 0.277470895455229 0.463644998808569 2050
"949" 20 38 2160 0.0763286137774353 0.49606204486361 2150
"950" 20 39 2280 0.237076115556793 0.368424032792402 2250
"951" 20 40 2400 0.343153071101347 0.51139938841482 2450
"952" 20 41 2520 0.306732527030671 0.247428457899121 2550
"953" 20 42 2640 0.397946630968315 0.323981417941706 2650
"954" 20 43 2760 0.550970672406808 -0.187713389013818 2750
"955" 20 44 2880 0.724296865119903 0.220820271226575 2850
"956" 20 45 3000 0.564830552104631 0.266196755245984 3050
"957" 20 46 3120 0.50702390835394 0.238729709791855 3150
"958" 20 47 3240 0.471274953150341 -0.0380491892341062 3250
"959" 20 48 3360 0.0648596186208156 -0.255086578076126 3350
"960" 20 49 3480 0.526525879260608 -0.148691812464537 3450
"961" 20 50 3600 0.488843786837501 -0.092980021666098 3650
"962" 20 51 3720 0.432243994031272 -0.0303181774606583 3750
"963" 20 52 3840 0.0359909674114877 0.243262784023712 3850
"964" 20 53 3960 0.394144175464431 0.030290090626811 3950
"965" 20 54 4080 -0.13246576091077 0.264951150392373 4050
"966" 20 55 4200 -0.116495118620155 0.266032227685125 4250
"967" 20 56 4320 -0.0228680989278317 0.49364723966223 4350
"968" 20 57 4440 0.056326358259824 0.430832068705846 4450
"969" 20 58 4560 0.12251976040352 0.332706409926007 4550
"970" 20 59 4680 0.0252754796626206 -0.06485303984835 4650
"971" 21 22 120 0.965313244217303 0.932944628168641 150
"972" 21 23 240 0.926742838703969 0.49266162204496 250
"973" 21 24 360 0.839248339924065 0.510593558601585 350
"974" 21 25 480 0.753801520057016 0.478028544680425 450
"975" 21 26 600 0.779905398006612 0.323515529553478 650
"976" 21 27 720 0.72845233709404 0.201924654428138 750
"977" 21 28 840 0.643278443572874 0.151237513091251 850
"978" 21 29 960 0.0241403120148479 0.364560186230346 950
"979" 21 30 1080 0.163579497429507 0.0174683884487368 1050
"980" 21 31 1200 -0.0826383228506688 0.440250660434691 1250
"981" 21 32 1320 -0.0384228413091198 -0.11453255646839 1350
"982" 21 33 1440 0.397383225307704 0.381262022271714 1450
"983" 21 34 1560 -0.0420088886475029 0.206840747973396 1550
"984" 21 35 1680 0.280782101705841 0.211582691748556 1650
"985" 21 36 1800 0.164781536886112 0.392979338220946 1850
"986" 21 37 1920 0.0303593708639629 0.0677700760553786 1950
"987" 21 38 2040 0.0321880053739826 0.332842232028278 2050
"988" 21 39 2160 0.11597016540064 -0.0178171483916209 2150
"989" 21 40 2280 0.0734932546268706 0.599156192788643 2250
"990" 21 41 2400 0.444296780195738 -0.142475821673973 2450
"991" 21 42 2520 0.0712255429510465 -0.0458064708297061 2550
"992" 21 43 2640 0.122679885755103 -0.391436897225935 2650
"993" 21 44 2760 0.127943331608582 0.672124529137797 2750
"994" 21 45 2880 -0.0554543991721535 0.296503584045278 2850
"995" 21 46 3000 -0.172647605017689 0.149790359712775 3050
"996" 21 47 3120 -0.0264549796256262 0.139246317311637 3150
"997" 21 48 3240 -0.371165214435188 0.0347018867485181 3250
"998" 21 49 3360 -0.139559952677616 0.0310874612718133 3350
"999" 21 50 3480 0.473070613130631 0.13394396484205 3450
"1000" 21 51 3600 0.396036861024905 0.196647569508132 3650
"1001" 21 52 3720 -0.59251532431112 0.241798914038938 3750
"1002" 21 53 3840 -0.154029675687449 0.0604175533812928 3850
"1003" 21 54 3960 -0.552277682722712 -0.115529656071133 3950
"1004" 21 55 4080 -0.492275559078359 -0.1416005410797 4050
"1005" 21 56 4200 -0.400271375791783 -0.519242642047872 4250
"1006" 21 57 4320 -0.607468341007279 -0.308023010711147 4350
"1007" 21 58 4440 -0.196690333754274 -0.423076541148544 4450
"1008" 21 59 4560 -0.400629382310614 -0.604969419099439 4550
"1009" 22 23 120 0.972817189803791 0.628910309296353 150
"1010" 22 24 240 0.907338051858275 0.584522478801929 250
"1011" 22 25 360 0.849774705881799 0.531660237093028 350
"1012" 22 26 480 0.799929241893345 0.501475216742013 450
"1013" 22 27 600 0.703134585705868 0.505087511088934 650
"1014" 22 28 720 0.650836656980211 0.295366476382333 750
"1015" 22 29 840 0.26818163117409 0.499092996357475 850
"1016" 22 30 960 0.260001475335575 -0.0184046816748454 950
"1017" 22 31 1080 0.0445486702971221 0.513531827696303 1050
"1018" 22 32 1200 0.0826557996528131 -0.0618505438919465 1250
"1019" 22 33 1320 0.265382851187629 0.750666982263702 1350
"1020" 22 34 1440 0.16346036997396 0.0954401774225934 1450
"1021" 22 35 1560 0.295461921880861 0.348472414117733 1550
"1022" 22 36 1680 0.399368175621907 0.166522219533067 1650
"1023" 22 37 1800 0.257469389757052 -0.0191775148595651 1850
"1024" 22 38 1920 0.288319871325068 0.0687214690386985 1950
"1025" 22 39 2040 0.372949688804798 -0.0375188467772504 2050
"1026" 22 40 2160 -0.0202736146600933 -0.0756679371231969 2150
"1027" 22 41 2280 0.103252490691232 -0.450467656474543 2250
"1028" 22 42 2400 0.108875702376104 -0.276867349356846 2450
"1029" 22 43 2520 0.142804722552847 -0.557557829200776 2550
"1030" 22 44 2640 0.149686876180524 -0.182236715916478 2650
"1031" 22 45 2760 0.101227254403802 -0.129573040748846 2750
"1032" 22 46 2880 0.195538647904511 -0.054790966643425 2850
"1033" 22 47 3000 0.0671975169006352 0.0787047746756883 3050
"1034" 22 48 3120 -0.173975431128203 -0.261558619347322 3150
"1035" 22 49 3240 -0.0523302266519276 -0.319149140035507 3250
"1036" 22 50 3360 0.434541788319669 -0.0931901057581613 3350
"1037" 22 51 3480 0.389022566889765 -0.0912890151531787 3450
"1038" 22 52 3600 -0.0385536013669284 0.0953144971155935 3650
"1039" 22 53 3720 -0.106620761418965 -0.242820968254785 3750
"1040" 22 54 3840 -0.510994410607296 0.135847395435287 3850
"1041" 22 55 3960 -0.914120447433272 0.453389212611585 3950
"1042" 22 56 4080 -0.849456015158138 0.812674525955453 4050
"1043" 22 57 4200 -0.66978744876819 0.242622540003727 4250
"1044" 22 58 4320 -0.575074481355306 -0.131996167371602 4350
"1045" 22 59 4440 -0.575125480262427 -0.247489671612795 4450
"1046" 23 24 120 0.971101047598329 0.941641619685236 150
"1047" 23 25 240 0.905464988764286 0.897057610364296 250
"1048" 23 26 360 0.857827233851884 0.821988643986806 350
"1049" 23 27 480 0.799603509238239 0.669719167691004 450
"1050" 23 28 600 0.768528948584607 0.716576630842555 650
"1051" 23 29 720 0.25427263429665 0.228083435939152 750
"1052" 23 30 840 0.269506904781562 0.0991480908502868 850
"1053" 23 31 960 0.209234170091577 0.0530406434619266 950
"1054" 23 32 1080 0.147411655740176 0.0567449693680607 1050
"1055" 23 33 1200 0.292816272831144 0.437300609579564 1250
"1056" 23 34 1320 0.0782504389776983 0.208021782749404 1350
"1057" 23 35 1440 0.260276026610859 0.203855724809042 1450
"1058" 23 36 1560 0.377584301562892 0.133975367815946 1550
"1059" 23 37 1680 0.32894742256284 0.0590866002741237 1650
"1060" 23 38 1800 0.403000593786122 0.00933295281418977 1850
"1061" 23 39 1920 0.530621168710684 -0.0349166916092529 1950
"1062" 23 40 2040 -0.0489283216057587 -0.206096424856349 2050
"1063" 23 41 2160 0.0959848448616378 -0.424815078577015 2150
"1064" 23 42 2280 0.159899227948255 -0.336561639087667 2250
"1065" 23 43 2400 0.191476883488951 -0.339788783349429 2450
"1066" 23 44 2520 0.18186543778564 -0.169305029599394 2550
"1067" 23 45 2640 0.321569144073748 -0.146332696331209 2650
"1068" 23 46 2760 0.387096501206657 -0.370876863037088 2750
"1069" 23 47 2880 0.249237875374777 0.366019784612198 2850
"1070" 23 48 3000 0.145025753098341 -0.0920976877354225 3050
"1071" 23 49 3120 0.217753370299818 -0.182968582020049 3150
"1072" 23 50 3240 0.453242126620181 -0.270862471405872 3250
"1073" 23 51 3360 0.425844396820131 -0.28264322792344 3350
"1074" 23 52 3480 0.089439558356367 -0.21701543610358 3450
"1075" 23 53 3600 0.154650069500539 -0.269741738644653 3650
"1076" 23 54 3720 -0.379862831012287 -0.13298962974932 3750
"1077" 23 55 3840 -0.628639492947343 0.171480985999676 3850
"1078" 23 56 3960 -0.491705617758936 0.468954762815457 3950
"1079" 23 57 4080 -0.132592617687963 0.095207370520209 4050
"1080" 23 58 4200 0.280221918019681 -0.190268508215393 4250
"1081" 23 59 4320 -0.167734516537513 -0.560174044434861 4350
"1082" 24 25 120 0.982147230601191 0.93305265551268 150
"1083" 24 26 240 0.928339749710576 0.866358663353221 250
"1084" 24 27 360 0.849274508668263 0.68658200854277 350
"1085" 24 28 480 0.838314496615381 0.633639855840761 450
"1086" 24 29 600 0.586587798031233 0.181001377487644 650
"1087" 24 30 720 0.411214183741465 -0.127245097899006 750
"1088" 24 31 840 0.424753264930213 -0.0112654081913578 850
"1089" 24 32 960 0.346528885499199 0.0560607490212515 950
"1090" 24 33 1080 0.544806487865788 0.0784721215296188 1050
"1091" 24 34 1200 0.372014411520121 0.0704137175715131 1250
"1092" 24 35 1320 0.437815182495253 0.0722682696043685 1350
"1093" 24 36 1440 0.509296734733181 0.22921242691154 1450
"1094" 24 37 1560 0.558177354733073 0.143293647587148 1550
"1095" 24 38 1680 0.621485601470164 0.103641570639227 1650
"1096" 24 39 1800 0.639571053370723 0.0310141702041824 1850
"1097" 24 40 1920 0.30470931340239 -0.164576335929616 1950
"1098" 24 41 2040 0.516357788416317 -0.520242012867648 2050
"1099" 24 42 2160 0.424831413256536 -0.400415297674791 2150
"1100" 24 43 2280 0.350201744618896 -0.456227388802895 2250
"1101" 24 44 2400 0.327073184167213 -0.146361225441528 2450
"1102" 24 45 2520 0.364283394726403 0.058672209596094 2550
"1103" 24 46 2640 0.337290096069884 0.0359599917608638 2650
"1104" 24 47 2760 0.260724501915695 0.244152862368767 2750
"1105" 24 48 2880 0.195231952226487 -0.207076936622176 2850
"1106" 24 49 3000 0.212537278090281 -0.268821482292465 3050
"1107" 24 50 3120 0.549331729875131 -0.244850906138721 3150
"1108" 24 51 3240 0.531448768401435 -0.294498219755022 3250
"1109" 24 52 3360 0.137094847491686 -0.195922348504175 3350
"1110" 24 53 3480 0.251864804940065 -0.373381926315387 3450
"1111" 24 54 3600 -0.0980729582347893 -0.0336472510080578 3650
"1112" 24 55 3720 -0.135496885211485 0.376380054652352 3750
"1113" 24 56 3840 -0.0416323546917342 0.678981941184096 3850
"1114" 24 57 3960 0.15598189894883 0.357025876257513 3950
"1115" 24 58 4080 0.365759920098088 -0.0770312398167819 4050
"1116" 24 59 4200 0.134858885272305 -0.107986556665444 4250
"1117" 25 26 120 0.979680688873854 0.960759156738455 150
"1118" 25 27 240 0.928696450949697 0.845587977300838 250
"1119" 25 28 360 0.90678313165061 0.775652596771137 350
"1120" 25 29 480 0.731585492725212 0.413626462834194 450
"1121" 25 30 600 0.547550781348806 0.0636612657666956 650
"1122" 25 31 720 0.607066562378697 0.120422343001804 750
"1123" 25 32 840 0.538947697172834 0.212947151117001 850
"1124" 25 33 960 0.37835930658509 0.253518396521809 950
"1125" 25 34 1080 0.354534955593502 0.105331770297305 1050
"1126" 25 35 1200 0.224068475637258 0.0745261322786716 1250
"1127" 25 36 1320 0.292586098196979 0.265129977866438 1350
"1128" 25 37 1440 0.529683507910051 0.170885516831789 1450
"1129" 25 38 1560 0.612118680923592 0.0696478655070053 1550
"1130" 25 39 1680 0.578776425961183 0.0188392086103833 1650
"1131" 25 40 1800 0.254611717290881 -0.197948927056786 1850
"1132" 25 41 1920 0.458580107613051 0.208562858511481 1950
"1133" 25 42 2040 0.37377221566809 -0.112748589232566 2050
"1134" 25 43 2160 0.293494280667642 -0.436436396609326 2150
"1135" 25 44 2280 0.286704456859926 -0.169880259832009 2250
"1136" 25 45 2400 0.367970336549612 0.236267640452104 2450
"1137" 25 46 2520 0.387835785835085 0.276621179605731 2550
"1138" 25 47 2640 0.275294529191512 0.295456410607234 2650
"1139" 25 48 2760 0.25633388767147 -0.144038292781016 2750
"1140" 25 49 2880 0.263595765856325 -0.195659561688493 2850
"1141" 25 50 3000 0.561139860770384 -0.167661829698894 3050
"1142" 25 51 3120 0.51695030118308 -0.309629571597796 3150
"1143" 25 52 3240 0.192788761270587 -0.0729765061971716 3250
"1144" 25 53 3360 0.311883057132124 -0.358189092528999 3350
"1145" 25 54 3480 -0.00615754673189045 -0.0296366141004837 3450
"1146" 25 55 3600 -0.0542972059636601 0.238386716748492 3650
"1147" 25 56 3720 -0.00148940002155495 0.383780501782828 3750
"1148" 25 57 3840 0.272739204883266 0.36127581054845 3850
"1149" 25 58 3960 0.324288281648701 -0.238341113387749 3950
"1150" 25 59 4080 0.0684509887820472 -0.368047274524791 4050
"1151" 26 27 120 0.961895963499947 0.945370671207508 150
"1152" 26 28 240 0.916387947993733 0.921283414798052 250
"1153" 26 29 360 0.671340048377607 0.492323833036555 350
"1154" 26 30 480 0.390837112160367 0.174075893928962 450
"1155" 26 31 600 0.471265640186621 0.263629856071386 650
"1156" 26 32 720 0.358719496673351 0.173832583559403 750
"1157" 26 33 840 0.407481674022832 0.457476468985118 850
"1158" 26 34 960 0.215711477430131 0.086582966088569 950
"1159" 26 35 1080 0.336484738257801 0.181861936334348 1050
"1160" 26 36 1200 0.250070753100624 0.277918562563052 1250
"1161" 26 37 1320 0.387672249299371 0.239930138462736 1350
"1162" 26 38 1440 0.285149502698144 0.133368573533696 1450
"1163" 26 39 1560 0.377190529552535 0.0383598208543112 1550
"1164" 26 40 1680 0.0638393126809317 -0.193491482327424 1650
"1165" 26 41 1800 0.171273996610146 0.794037751044951 1850
"1166" 26 42 1920 0.0618116895458135 -0.0369688146422285 1950
"1167" 26 43 2040 -0.00728775275807336 -0.0933207555879352 2050
"1168" 26 44 2160 0.048351744321357 0.364530209806224 2150
"1169" 26 45 2280 0.242027582654117 0.604195032594674 2250
"1170" 26 46 2400 0.363809878386463 0.56499919267958 2450
"1171" 26 47 2520 0.233822033532691 0.102782860559697 2550
"1172" 26 48 2640 0.254977014404978 -0.0606359889861332 2650
"1173" 26 49 2760 0.231404810385767 -0.147760417933439 2750
"1174" 26 50 2880 0.649628869644111 -0.250365241075693 2850
"1175" 26 51 3000 0.668653188685647 -0.457835210318804 3050
"1176" 26 52 3120 0.287558194774835 -0.151065976639617 3150
"1177" 26 53 3240 0.32197930508047 -0.317972221308046 3250
"1178" 26 54 3360 -0.00521320388167934 -0.301724666485739 3350
"1179" 26 55 3480 -0.123388502047277 -0.265553009531535 3450
"1180" 26 56 3600 -0.0761379676637939 -0.293556966650826 3650
"1181" 26 57 3720 0.125935411719535 0.263553053452277 3750
"1182" 26 58 3840 0.131041196747069 -0.210170695539363 3850
"1183" 26 59 3960 -0.0172132040979495 -0.486582231783896 3950
"1184" 27 28 120 0.966653747975866 0.902979491362081 150
"1185" 27 29 240 0.824290009476254 0.594881287524429 250
"1186" 27 30 360 0.598020965076669 0.37960577124817 350
"1187" 27 31 480 0.612201588267813 0.388217250601528 450
"1188" 27 32 600 0.424642668759163 0.302207711042547 650
"1189" 27 33 720 0.482251149366355 0.361569095532857 750
"1190" 27 34 840 0.262578489184589 0.0903601452839953 850
"1191" 27 35 960 0.43499295018535 0.285986354439392 950
"1192" 27 36 1080 0.250189061561101 0.265879995172669 1050
"1193" 27 37 1200 0.375956186638912 0.196424215337856 1250
"1194" 27 38 1320 0.26461916811893 0.101991576244906 1350
"1195" 27 39 1440 0.380615587942191 0.0664916441495624 1450
"1196" 27 40 1560 0.0543892683902036 -0.209429018006911 1550
"1197" 27 41 1680 0.0992079375155516 -0.0575246803656887 1650
"1198" 27 42 1800 -0.0637555476816286 -0.0664492095347111 1850
"1199" 27 43 1920 -0.182098779919377 -0.371183061900557 1950
"1200" 27 44 2040 -0.176770086776924 -0.0227018370789548 2050
"1201" 27 45 2160 0.0315928996607162 0.199166021749248 2150
"1202" 27 46 2280 0.114470920610926 0.301000608196914 2250
"1203" 27 47 2400 0.0513826389264445 -0.0295346194511255 2450
"1204" 27 48 2520 0.106709261505414 -0.417777673448894 2550
"1205" 27 49 2640 0.0965576175700245 -0.436327779484381 2650
"1206" 27 50 2760 0.500184940025623 -0.214701408664162 2750
"1207" 27 51 2880 0.535844840522711 -0.287215994517485 2850
"1208" 27 52 3000 0.179889447309701 -0.0180373940118832 3050
"1209" 27 53 3120 0.293551904609769 -0.29523170615327 3150
"1210" 27 54 3240 0.103852585073083 0.0386069113502337 3250
"1211" 27 55 3360 0.0691855084927465 0.323593997598028 3350
"1212" 27 56 3480 0.0666243395870254 0.740003645284876 3450
"1213" 27 57 3600 0.0337840244220811 0.290692007141632 3650
"1214" 27 58 3720 0.17372851460089 0.0536812407983791 3750
"1215" 27 59 3840 0.141817641678951 -0.0447685638509073 3850
"1216" 28 29 120 0.928809486451883 0.815519159321585 150
"1217" 28 30 240 0.770828150464584 0.56977341421518 250
"1218" 28 31 360 0.718918134911989 0.521882269222285 350
"1219" 28 32 480 0.620962812923324 0.587396790164239 450
"1220" 28 33 600 0.682474740599469 0.530419154805287 650
"1221" 28 34 720 0.509457215445328 0.369163041478875 750
"1222" 28 35 840 0.586898607621888 0.454898406797046 850
"1223" 28 36 960 0.452492714916916 0.515656648835178 950
"1224" 28 37 1080 0.590039708705563 0.485480659650044 1050
"1225" 28 38 1200 0.441358536345706 0.369931993167037 1250
"1226" 28 39 1320 0.617878182893338 0.292305682197834 1350
"1227" 28 40 1440 0.26197934677109 0.00839997360151631 1450
"1228" 28 41 1560 0.466321680076359 0.494389517171771 1550
"1229" 28 42 1680 0.245062862275035 0.0462528310452134 1650
"1230" 28 43 1800 0.178455023868766 -0.139269254385749 1850
"1231" 28 44 1920 0.180766594269661 0.274848598033497 1950
"1232" 28 45 2040 0.200351738955374 0.650041314677074 2050
"1233" 28 46 2160 0.162600371299617 0.742127654122041 2150
"1234" 28 47 2280 0.0539360161873929 -0.220166394926237 2250
"1235" 28 48 2400 0.0357614046291835 -0.261214753257327 2450
"1236" 28 49 2520 0.131622013890705 -0.303005269113946 2550
"1237" 28 50 2640 0.56546353596212 -0.344787365660286 2650
"1238" 28 51 2760 0.469568746134573 -0.402135014712238 2750
"1239" 28 52 2880 0.0613393345100665 -0.201101130040027 2850
"1240" 28 53 3000 0.219730586024671 -0.220538097421126 3050
"1241" 28 54 3120 -0.0312790384786064 -0.140600036899886 3150
"1242" 28 55 3240 -0.0578330145114885 0.0206922188217807 3250
"1243" 28 56 3360 -0.0458691313991142 0.275856587676673 3350
"1244" 28 57 3480 -0.0283575106074123 0.473086819256889 3450
"1245" 28 58 3600 0.0792538484779531 0.320494726005766 3650
"1246" 28 59 3720 0.010886958410173 0.150502191184994 3750
"1247" 29 30 120 0.908550311176797 0.856598924731448 150
"1248" 29 31 240 0.840266738550282 0.839382691903964 250
"1249" 29 32 360 0.700062410311523 0.800642187171591 350
"1250" 29 33 480 0.452249657264322 0.842460151005216 450
"1251" 29 34 600 0.607283493045244 0.542423336860359 650
"1252" 29 35 720 0.451359039998524 0.737897174991616 750
"1253" 29 36 840 0.328654632719815 0.802044573754258 850
"1254" 29 37 960 0.573315016940032 0.7143732013132 950
"1255" 29 38 1080 0.413740946358897 0.66587245730898 1050
"1256" 29 39 1200 0.558321592794301 0.538464964222162 1250
"1257" 29 40 1320 0.294634227096502 0.650657038326226 1350
"1258" 29 41 1440 0.267909354123159 0.425838791456002 1450
"1259" 29 42 1560 0.18912733560295 -0.0779807074088198 1550
"1260" 29 43 1680 0.155791312055805 -0.197689565207302 1650
"1261" 29 44 1800 0.0863104629812171 -0.288993581765795 1850
"1262" 29 45 1920 0.174870429553481 0.194231390619997 1950
"1263" 29 46 2040 0.203606877310781 0.188415985947742 2050
"1264" 29 47 2160 0.0871256483034571 -0.19667337995444 2150
"1265" 29 48 2280 0.12392727652886 -0.181422700686926 2250
"1266" 29 49 2400 0.198306389347375 -0.192398667475224 2450
"1267" 29 50 2520 0.395875108819303 -0.222775646147843 2550
"1268" 29 51 2640 0.301789213593214 -0.319431609408905 2650
"1269" 29 52 2760 -0.0649081722080669 -0.261107327550461 2750
"1270" 29 53 2880 0.113758322392347 -0.257366408913632 2850
"1271" 29 54 3000 -0.256192057807458 -0.199774939186189 3050
"1272" 29 55 3120 -0.256052623586325 -0.0688531485309989 3150
"1273" 29 56 3240 -0.290419538422703 0.0149039604358974 3250
"1274" 29 57 3360 -0.133863242958676 0.354339100796292 3350
"1275" 29 58 3480 -0.0304936681489727 0.241664546470703 3450
"1276" 29 59 3600 -0.0450534888926627 0.305551104600437 3650
"1277" 30 31 120 0.947805129133295 0.951485554037083 150
"1278" 30 32 240 0.807968936939609 0.858328405600646 250
"1279" 30 33 360 0.717735538071688 0.608505043824791 350
"1280" 30 34 480 0.659467622977269 0.495593991180397 450
"1281" 30 35 600 0.641475568878352 0.655568080821323 650
"1282" 30 36 720 0.540752342413885 0.458148707283725 750
"1283" 30 37 840 0.699590005944248 0.338449333815359 850
"1284" 30 38 960 0.672720039357528 -0.0544362644181495 950
"1285" 30 39 1080 0.643550338628683 0.426285867105475 1050
"1286" 30 40 1200 0.407708082801689 0.327595999942689 1250
"1287" 30 41 1320 0.422016295004775 0.401752442476639 1350
"1288" 30 42 1440 0.373420275418784 -0.13529139887488 1450
"1289" 30 43 1560 0.354611305355009 -0.252248602554174 1550
"1290" 30 44 1680 0.306858084126531 0.0352931140215496 1650
"1291" 30 45 1800 0.219072964476735 0.428245284552089 1850
"1292" 30 46 1920 0.148395238478238 0.442643967667137 1950
"1293" 30 47 2040 -0.0058494507559118 0.0156761786710342 2050
"1294" 30 48 2160 -0.029569242078144 -0.251611740332717 2150
"1295" 30 49 2280 0.210717545640917 -0.342088132995431 2250
"1296" 30 50 2400 0.445617514912709 -0.487452712823973 2450
"1297" 30 51 2520 0.402245137282671 -0.511885239981801 2550
"1298" 30 52 2640 0.168191935082586 -0.348550429132725 2650
"1299" 30 53 2760 0.29924926279533 -0.232094538853079 2750
"1300" 30 54 2880 -0.100826531942044 -0.0750872823940751 2850
"1301" 30 55 3000 -0.118298997166469 0.0525911594461754 3050
"1302" 30 56 3120 -0.099629825052301 0.101323940757138 3150
"1303" 30 57 3240 0.0227852646743114 0.466138128717553 3250
"1304" 30 58 3360 0.0847707777451363 0.0441708521752042 3350
"1305" 30 59 3480 0.0695946574421854 0.248174709850865 3450
"1306" 31 32 120 0.948025172397451 0.937147193862062 150
"1307" 31 33 240 0.86991479578386 0.886127847745179 250
"1308" 31 34 360 0.720517797493942 0.74543447792084 350
"1309" 31 35 480 0.67843519855525 0.815762591033949 450
"1310" 31 36 600 0.709653336393666 0.812433287256991 650
"1311" 31 37 720 0.819172899853463 0.759476079770378 750
"1312" 31 38 840 0.760694714933642 0.795883512524413 850
"1313" 31 39 960 0.695536529510129 0.543194915484321 950
"1314" 31 40 1080 0.45018696153745 0.611100375339463 1050
"1315" 31 41 1200 0.547445604671008 0.30460317787963 1250
"1316" 31 42 1320 0.501138875352844 0.196143675545183 1350
"1317" 31 43 1440 0.458635903353435 0.130661461701981 1450
"1318" 31 44 1560 0.341702916463777 -0.108839196599631 1550
"1319" 31 45 1680 0.240649580140614 0.293194467556507 1650
"1320" 31 46 1800 0.180844071920667 0.293952063105654 1850
"1321" 31 47 1920 0.0502587379135346 -0.243425853501544 1950
"1322" 31 48 2040 0.0331050966248929 -0.160787061034106 2050
"1323" 31 49 2160 0.257748862947727 -0.319414782480364 2150
"1324" 31 50 2280 0.494501145902398 -0.514023466326694 2250
"1325" 31 51 2400 0.460912331689056 -0.41840200924405 2450
"1326" 31 52 2520 0.230226001518765 -0.273939066785216 2550
"1327" 31 53 2640 0.328196842585812 0.0542651704627913 2650
"1328" 31 54 2760 -0.0329642792361971 0.110044777189646 2750
"1329" 31 55 2880 -0.0726359516897884 0.350965399607089 2850
"1330" 31 56 3000 -0.0661347009643897 0.418034375566668 3050
"1331" 31 57 3120 0.113669956139342 0.594440706263122 3150
"1332" 31 58 3240 0.196581236941642 0.417993860445683 3250
"1333" 31 59 3360 0.126533377510244 0.572603334546112 3350
"1334" 32 33 120 0.913369695184272 0.97102405335682 150
"1335" 32 34 240 0.746430182550519 0.924145121820219 250
"1336" 32 35 360 0.629491623434554 0.929843917838181 350
"1337" 32 36 480 0.795768663569703 0.902239720498135 450
"1338" 32 37 600 0.734393826442211 0.860035408779559 650
"1339" 32 38 720 0.658846040455055 0.895993093620399 750
"1340" 32 39 840 0.580418025294224 0.711225099877966 850
"1341" 32 40 960 0.517203539729821 0.800366654586556 950
"1342" 32 41 1080 0.507988874969338 0.320250305189536 1050
"1343" 32 42 1200 0.513451007660889 0.00638332862942345 1250
"1344" 32 43 1320 0.480540034609836 0.209057141910361 1350
"1345" 32 44 1440 0.326038987623115 -0.117433839371689 1450
"1346" 32 45 1560 0.269583039905017 0.133485919662212 1550
"1347" 32 46 1680 0.176901089248329 0.205617699495793 1650
"1348" 32 47 1800 0.0707461068496818 -0.200737871689006 1850
"1349" 32 48 1920 0.0454596545379896 -0.0627661524355477 1950
"1350" 32 49 2040 0.261418795474965 -0.147766549461117 2050
"1351" 32 50 2160 0.401132664064073 -0.279283984206407 2150
"1352" 32 51 2280 0.408764412346863 -0.174086248308917 2250
"1353" 32 52 2400 0.302525742713229 -0.341181837250903 2450
"1354" 32 53 2520 0.308804656794553 -0.0227782773959493 2550
"1355" 32 54 2640 0.0752047398891791 -0.0408615124213612 2650
"1356" 32 55 2760 0.0289560248044092 -0.0169402969314429 2750
"1357" 32 56 2880 0.0551976329040133 -0.167498145639333 2850
"1358" 32 57 3000 0.308216128387514 0.245643777795768 3050
"1359" 32 58 3120 0.308773289102573 0.167751615422734 3150
"1360" 32 59 3240 0.218186869928861 0.748998664644346 3250
"1361" 33 34 120 0.948163612318267 0.926510252090084 150
"1362" 33 35 240 0.900430520613314 0.935245486061564 250
"1363" 33 36 360 0.906955669184345 0.947791439694665 350
"1364" 33 37 480 0.845772655289683 0.914982359435108 450
"1365" 33 38 600 0.74633494546823 0.868236155117437 650
"1366" 33 39 720 0.794575041437131 0.851967924425373 750
"1367" 33 40 840 0.705830632062422 0.771475684654112 850
"1368" 33 41 960 0.668195787815128 0.130175225750258 950
"1369" 33 42 1080 0.681189806335396 -0.190824921744107 1050
"1370" 33 43 1200 0.673711768010329 -0.204531914536237 1250
"1371" 33 44 1320 0.547138841529248 -0.157040190545797 1350
"1372" 33 45 1440 0.469665755181922 0.182909056860023 1450
"1373" 33 46 1560 0.359443732597959 0.223279824651936 1550
"1374" 33 47 1680 0.322393315908996 -0.252254960777141 1650
"1375" 33 48 1800 0.310125832153183 -0.0769870743767662 1850
"1376" 33 49 1920 0.373494312379796 -0.0514479096281412 1950
"1377" 33 50 2040 0.48825881434846 -0.363197777997335 2050
"1378" 33 51 2160 0.565911970791936 -0.237831981891375 2150
"1379" 33 52 2280 0.382595477748325 -0.234859174460833 2250
"1380" 33 53 2400 0.372837868914905 -0.059995074412788 2450
"1381" 33 54 2520 0.255781792474153 0.0127726091778406 2550
"1382" 33 55 2640 0.223735953877828 0.173183205277304 2650
"1383" 33 56 2760 0.210627423954588 -0.0784523545213494 2750
"1384" 33 57 2880 0.309241392540369 -0.0583655755740976 2850
"1385" 33 58 3000 0.331690715001863 -0.290532157386072 3050
"1386" 33 59 3120 0.340284676582884 0.690284583896701 3150
"1387" 34 35 120 0.970464649640769 0.962426649380554 150
"1388" 34 36 240 0.944418498221964 0.95238430620812 250
"1389" 34 37 360 0.910515973531333 0.914462226213853 350
"1390" 34 38 480 0.72942229514826 0.920760493398326 450
"1391" 34 39 600 0.735582303563175 0.939854893564294 650
"1392" 34 40 720 0.665941973735836 0.910385706224202 750
"1393" 34 41 840 0.640237206177489 0.0509211408524336 850
"1394" 34 42 960 0.694266641418553 -0.127615521566612 950
"1395" 34 43 1080 0.726769003564852 -0.182338101467905 1050
"1396" 34 44 1200 0.633388999797767 -0.137081134302118 1250
"1397" 34 45 1320 0.552154238770298 -0.102804476805632 1350
"1398" 34 46 1440 0.444432331440446 -0.0629511115483311 1450
"1399" 34 47 1560 0.362021487165872 -0.411470728679207 1550
"1400" 34 48 1680 0.279586576469624 -0.5237340223981 1650
"1401" 34 49 1800 0.375102802258597 -0.405901113763827 1850
"1402" 34 50 1920 0.517558158321824 -0.456930852538994 1950
"1403" 34 51 2040 0.613253949908558 -0.289032176598629 2050
"1404" 34 52 2160 0.371776672015918 -0.393154018919675 2150
"1405" 34 53 2280 0.445515232161922 -0.0647672698669736 2250
"1406" 34 54 2400 0.249359359515438 -0.134138576860246 2450
"1407" 34 55 2520 0.238348348114673 -0.0996874118564129 2550
"1408" 34 56 2640 0.206642480110712 -0.255009085968178 2650
"1409" 34 57 2760 0.195717491553794 0.254839743184416 2750
"1410" 34 58 2880 0.19394256763424 0.336727953299291 2850
"1411" 34 59 3000 0.337694157266492 0.864822112744171 3050
"1412" 35 36 120 0.946897016334988 0.9768098229001 150
"1413" 35 37 240 0.89218228676393 0.932621604948812 250
"1414" 35 38 360 0.771563761950443 0.936864461976734 350
"1415" 35 39 480 0.700756903445438 0.931325035561926 450
"1416" 35 40 600 0.620278852739398 0.891593102082498 650
"1417" 35 41 720 0.58938770080742 0.18563537751856 750
"1418" 35 42 840 0.6205880656015 -0.0386621713798188 850
"1419" 35 43 960 0.636875661682525 -0.159127183011874 950
"1420" 35 44 1080 0.53112400593097 -0.0280917180567981 1050
"1421" 35 45 1200 0.479230299848355 0.0288976040464641 1250
"1422" 35 46 1320 0.373854746478523 0.117148960533806 1350
"1423" 35 47 1440 0.222753091955146 -0.495161626862403 1450
"1424" 35 48 1560 0.12936116412762 -0.592774002651628 1550
"1425" 35 49 1680 0.217972225365165 -0.47408324180129 1650
"1426" 35 50 1800 0.406773292648383 -0.541279572238803 1850
"1427" 35 51 1920 0.583795165245435 -0.431977231639946 1950
"1428" 35 52 2040 0.340748424073779 -0.550074347570184 2050
"1429" 35 53 2160 0.460260421192728 -0.306623477382603 2150
"1430" 35 54 2280 0.354529355188784 -0.373872791820904 2250
"1431" 35 55 2400 0.359003216243348 -0.285204000849754 2450
"1432" 35 56 2520 0.324139867625442 -0.378169851981688 2550
"1433" 35 57 2640 0.214989468444 0.204474589130127 2650
"1434" 35 58 2760 0.209116715380022 0.305640936000564 2750
"1435" 35 59 2880 0.375184325341331 0.791587116749182 2850
"1436" 36 37 120 0.963419545041884 0.972864029887633 150
"1437" 36 38 240 0.826006800313758 0.955445011064231 250
"1438" 36 39 360 0.839760568658871 0.93456315854993 350
"1439" 36 40 480 0.800740116790605 0.850783055094325 450
"1440" 36 41 600 0.798750593960767 0.496928641017318 650
"1441" 36 42 720 0.847293839102563 0.319202304988902 750
"1442" 36 43 840 0.813503211890016 0.123325129494669 850
"1443" 36 44 960 0.727783321663914 -0.246249375035125 950
"1444" 36 45 1080 0.662547880478948 -0.623524946539289 1050
"1445" 36 46 1200 0.573119418967371 -0.539945230347426 1250
"1446" 36 47 1320 0.524429225286836 -0.428878142610293 1350
"1447" 36 48 1440 0.40639578716636 -0.362193503433112 1450
"1448" 36 49 1560 0.531529115570748 -0.22400768453071 1550
"1449" 36 50 1680 0.592134068867721 -0.295238061133565 1650
"1450" 36 51 1800 0.611508506984873 -0.248913360785285 1850
"1451" 36 52 1920 0.520988206178201 -0.38484626518174 1950
"1452" 36 53 2040 0.598569822297449 -0.412661601334755 2050
"1453" 36 54 2160 0.373014487766004 -0.51253087561535 2150
"1454" 36 55 2280 0.295155078877723 -0.353384051599019 2250
"1455" 36 56 2400 0.237040731704007 -0.329505640879689 2450
"1456" 36 57 2520 0.294088837213571 0.0447039349937094 2550
"1457" 36 58 2640 0.26117949390796 0.441737375009712 2650
"1458" 36 59 2760 0.39554537138224 0.698863505986533 2750
"1459" 37 38 120 0.931395655724063 0.97287365416672 150
"1460" 37 39 240 0.911929731687851 0.921111473605639 250
"1461" 37 40 360 0.789010519166175 0.830946244342209 350
"1462" 37 41 480 0.783445714169699 0.598707319291666 450
"1463" 37 42 600 0.847732086150308 0.64379055438022 650
"1464" 37 43 720 0.796249185159479 0.569453489568105 750
"1465" 37 44 840 0.644599193687359 0.298442031848763 850
"1466" 37 45 960 0.610006446516114 0.10198462210711 950
"1467" 37 46 1080 0.479720928424818 0.244117964217399 1050
"1468" 37 47 1200 0.466280881624734 -0.280079749560343 1250
"1469" 37 48 1320 0.437282428022223 0.173797274071653 1350
"1470" 37 49 1440 0.52005529651438 0.228363854829947 1450
"1471" 37 50 1560 0.634270528518282 0.153839503220482 1550
"1472" 37 51 1680 0.655205448814923 0.172854304361864 1650
"1473" 37 52 1800 0.529119528966883 -0.0265634840198383 1850
"1474" 37 53 1920 0.638840975746347 -0.0763143594659416 1950
"1475" 37 54 2040 0.440951077556927 -0.302135782058786 2050
"1476" 37 55 2160 0.355881687615101 -0.383057330517246 2150
"1477" 37 56 2280 0.398558213488454 -0.384817225014509 2250
"1478" 37 57 2400 0.363920126082861 -0.0398549029942318 2450
"1479" 37 58 2520 0.461591244055532 0.511165946782821 2550
"1480" 37 59 2640 0.505684571738972 0.525303976351357 2650
"1481" 38 39 120 0.941668066376002 0.982404898066331 150
"1482" 38 40 240 0.909899104268942 0.93064559822336 250
"1483" 38 41 360 0.897451521614949 0.809614241588078 350
"1484" 38 42 480 0.86600225276711 0.681730459045148 450
"1485" 38 43 600 0.584559338849332 0.538052591773244 650
"1486" 38 44 720 0.564944851705949 0.348200322978694 750
"1487" 38 45 840 0.551653386695242 -0.18820209238019 850
"1488" 38 46 960 0.424690623946382 -0.167569980582391 950
"1489" 38 47 1080 0.34628971510381 -0.332601043039111 1050
"1490" 38 48 1200 0.3370455476824 0.106671941756998 1250
"1491" 38 49 1320 0.344798031961313 0.202210524891927 1350
"1492" 38 50 1440 0.48881665369098 0.230609797597688 1450
"1493" 38 51 1560 0.492574967240714 0.273605051765847 1550
"1494" 38 52 1680 0.394326858456105 -0.0118168581695826 1650
"1495" 38 53 1800 0.562564094943117 -0.0395213084376851 1850
"1496" 38 54 1920 0.490039279619065 -0.27849912226919 1950
"1497" 38 55 2040 0.413814762412424 -0.408518789430205 2050
"1498" 38 56 2160 0.369172406451156 -0.351435612115283 2150
"1499" 38 57 2280 0.314782071891156 -0.0137318326989211 2250
"1500" 38 58 2400 0.356692310112495 0.700920400744302 2450
"1501" 38 59 2520 0.395452005388632 0.587392484391946 2550
"1502" 39 40 120 0.913137783661904 0.964745759117768 150
"1503" 39 41 240 0.906060329340037 0.830682411051326 250
"1504" 39 42 360 0.880259283691285 0.47804643878658 350
"1505" 39 43 480 0.6735958958962 0.605638224029646 450
"1506" 39 44 600 0.749792245578617 0.1492528650144 650
"1507" 39 45 720 0.68739476365475 0.0387848763240323 750
"1508" 39 46 840 0.594952160014453 0.0106983202789702 850
"1509" 39 47 960 0.515127907062573 -0.250361805931385 950
"1510" 39 48 1080 0.496226042314473 0.303920115319857 1050
"1511" 39 49 1200 0.556167801081952 0.287474863347919 1250
"1512" 39 50 1320 0.60447835183134 0.2755891304103 1350
"1513" 39 51 1440 0.594612138642947 0.172985250469439 1450
"1514" 39 52 1560 0.529310272354895 -0.249518391873509 1550
"1515" 39 53 1680 0.652883123881622 -0.176945003168673 1650
"1516" 39 54 1800 0.499929107437557 -0.379591029055714 1850
"1517" 39 55 1920 0.427257720356733 -0.469532770862716 1950
"1518" 39 56 2040 0.460380510069788 -0.283130344547527 2050
"1519" 39 57 2160 0.448083124917319 -0.118359740858393 2150
"1520" 39 58 2280 0.521325757499632 0.427243107140827 2250
"1521" 39 59 2400 0.568547867792101 0.403847016558885 2450
"1522" 40 41 120 0.980930324698076 0.910776240378421 150
"1523" 40 42 240 0.895797463696588 0.548016402568648 250
"1524" 40 43 360 0.818976218693025 0.720124271947336 350
"1525" 40 44 480 0.808702200686858 0.520955192627118 450
"1526" 40 45 600 0.695597570766006 0.417539026934056 650
"1527" 40 46 720 0.600158224837458 0.335008592233589 750
"1528" 40 47 840 0.589210762796452 -0.137587019500361 850
"1529" 40 48 960 0.539007911679951 0.504159669435755 950
"1530" 40 49 1080 0.544937815702007 0.450064234910089 1050
"1531" 40 50 1200 0.534279758411957 0.361687207824276 1250
"1532" 40 51 1320 0.430636973507359 0.210471774584036 1350
"1533" 40 52 1440 0.431439451499019 -0.126855403001948 1450
"1534" 40 53 1560 0.577627702669408 -0.108553526809528 1550
"1535" 40 54 1680 0.579616229149131 -0.279579767428233 1650
"1536" 40 55 1800 0.530180875759966 -0.339577592975962 1850
"1537" 40 56 1920 0.394407556733411 -0.237039382404613 1950
"1538" 40 57 2040 0.317801522504305 -0.131310199741212 2050
"1539" 40 58 2160 0.348736315333376 0.264738182400366 2150
"1540" 40 59 2280 0.415760752116076 0.16939106711526 2250
"1541" 41 42 120 0.953816997764706 0.771664071870487 150
"1542" 41 43 240 0.86218768246144 0.779592895524357 250
"1543" 41 44 360 0.835866915247736 -0.0831594059696573 350
"1544" 41 45 480 0.761055684661909 0.515999933575106 450
"1545" 41 46 600 0.592503938481839 0.257763169773708 650
"1546" 41 47 720 0.561569217192002 0.17060733854671 750
"1547" 41 48 840 0.506449259940803 0.405933203919853 850
"1548" 41 49 960 0.573743262471308 0.261692431280546 950
"1549" 41 50 1080 0.662613281987556 0.190545570077602 1050
"1550" 41 51 1200 0.586408864646016 -0.0417635465374663 1250
"1551" 41 52 1320 0.414497155170396 -0.0245523516127511 1350
"1552" 41 53 1440 0.653091580973821 -0.0668116298424263 1450
"1553" 41 54 1560 0.587587332522072 -0.266711795101811 1550
"1554" 41 55 1680 0.480452290302353 -0.313032352926934 1650
"1555" 41 56 1800 0.383527629177972 -0.277261101826367 1850
"1556" 41 57 1920 0.253288493996018 -0.195133009992264 1950
"1557" 41 58 2040 0.365731994770126 0.0724165492021359 2050
"1558" 41 59 2160 0.39720300273143 -0.0611068620790872 2150
"1559" 42 43 120 0.951763189632015 0.754423335740126 150
"1560" 42 44 240 0.926334703741873 0.484476274452151 250
"1561" 42 45 360 0.866851780415355 0.177629967208353 350
"1562" 42 46 480 0.787762504724765 0.358324625476634 450
"1563" 42 47 600 0.756208510662732 0.311298573414945 650
"1564" 42 48 720 0.747022527958488 0.437502361918142 750
"1565" 42 49 840 0.758667372065906 0.360878065420583 850
"1566" 42 50 960 0.758092703274026 0.625702226810438 950
"1567" 42 51 1080 0.645529825982772 0.549582014251622 1050
"1568" 42 52 1200 0.636866504015512 0.542888404111094 1250
"1569" 42 53 1320 0.776465800890045 0.383160071283857 1350
"1570" 42 54 1440 0.650479025375721 0.388934291924187 1450
"1571" 42 55 1560 0.563093066399048 0.190112877899091 1550
"1572" 42 56 1680 0.464211499249024 0.0728045788099079 1650
"1573" 42 57 1800 0.450378139999968 0.108075772539616 1850
"1574" 42 58 1920 0.500313954545206 0.157345835699528 1950
"1575" 42 59 2040 0.58805934096186 -0.215804772947571 2050
"1576" 43 44 120 0.962240860946768 0.564489496173796 150
"1577" 43 45 240 0.920401967425836 0.364545490109256 250
"1578" 43 46 360 0.860007266848693 0.503801525723992 350
"1579" 43 47 480 0.840329551752277 0.476950194371332 450
"1580" 43 48 600 0.83516141674016 0.65392432271815 650
"1581" 43 49 720 0.843929216981085 0.575506163870749 750
"1582" 43 50 840 0.846019663726161 0.711674974448919 850
"1583" 43 51 960 0.739186931500069 0.548751336351434 950
"1584" 43 52 1080 0.641397467113627 0.4529634719281 1050
"1585" 43 53 1200 0.791354559421419 0.570197745533841 1250
"1586" 43 54 1320 0.515259435510555 0.355506353971539 1350
"1587" 43 55 1440 0.384524586304178 0.377273734259795 1450
"1588" 43 56 1560 0.378741595755423 0.292063796526987 1550
"1589" 43 57 1680 0.335272990402553 0.21409578462943 1650
"1590" 43 58 1800 0.513830721643759 0.54326423139933 1850
"1591" 43 59 1920 0.666705160726225 0.0558851243654973 1950
"1592" 44 45 120 0.973274797498853 0.939069448696232 150
"1593" 44 46 240 0.940640430003225 0.880602956384904 250
"1594" 44 47 360 0.898379634763666 0.843415497009452 350
"1595" 44 48 480 0.908350961198598 0.815667209596431 450
"1596" 44 49 600 0.889780884632105 0.812583751402421 650
"1597" 44 50 720 0.824873134667588 0.844293398452738 750
"1598" 44 51 840 0.720897783599304 0.752927571345877 850
"1599" 44 52 960 0.680744346717476 0.330625709036047 950
"1600" 44 53 1080 0.902460414547256 0.54999155119728 1050
"1601" 44 54 1200 0.738563773286163 0.468611737978272 1250
"1602" 44 55 1320 0.783787321683115 0.440600049288732 1350
"1603" 44 56 1440 0.687388390723398 0.225469499017088 1450
"1604" 44 57 1560 0.595221928939516 0.412177908072179 1550
"1605" 44 58 1680 0.577835384886655 0.35260069847467 1650
"1606" 44 59 1800 0.683593440929382 0.180883511356506 1850
"1607" 45 46 120 0.982129642352929 0.699466772343331 150
"1608" 45 47 240 0.956893296709744 0.802496333987501 250
"1609" 45 48 360 0.938239172060065 0.782585647090763 350
"1610" 45 49 480 0.933263126700466 0.694500150086948 450
"1611" 45 50 600 0.867299028279772 0.608965534634385 650
"1612" 45 51 720 0.776154624804676 0.378692944677306 750
"1613" 45 52 840 0.726966728383046 0.138573723115347 850
"1614" 45 53 960 0.839323871812447 0.216396965202305 950
"1615" 45 54 1080 0.531110361508978 0.2216600301575 1050
"1616" 45 55 1200 0.399051844433782 0.344878050546516 1250
"1617" 45 56 1320 0.357890888535253 0.251887223466605 1350
"1618" 45 57 1440 0.431545994248609 0.406048634230706 1450
"1619" 45 58 1560 0.392647035509678 -0.0246444388147238 1550
"1620" 45 59 1680 0.584335276607905 -0.202856896913864 1650
"1621" 46 47 120 0.99023359622938 0.97592873636969 150
"1622" 46 48 240 0.952012527589203 0.892699518823882 250
"1623" 46 49 360 0.944109681869584 0.791249857869266 350
"1624" 46 50 480 0.890177715098319 0.762162090811303 450
"1625" 46 51 600 0.837544538600651 0.584251486182758 650
"1626" 46 52 720 0.698093535996988 0.33766208185565 750
"1627" 46 53 840 0.817700625886771 0.345467142615697 850
"1628" 46 54 960 0.480479568699878 0.453052632142739 950
"1629" 46 55 1080 0.366891285722811 0.483853575346587 1050
"1630" 46 56 1200 0.329164678588956 0.383969252350364 1250
"1631" 46 57 1320 0.450052256112775 0.480553089906046 1350
"1632" 46 58 1440 0.380461136058372 0.0926977819546538 1450
"1633" 46 59 1560 0.50136088503343 -0.221509560521729 1550
"1634" 47 48 120 0.983828807648983 0.921401681510567 150
"1635" 47 49 240 0.970668687591151 0.863995317588207 250
"1636" 47 50 360 0.943612860858025 0.819689531228661 350
"1637" 47 51 480 0.909971747637741 0.760157569161438 450
"1638" 47 52 600 0.812952409783081 0.444363868556095 650
"1639" 47 53 720 0.880634328000704 0.209382832041854 750
"1640" 47 54 840 0.549964325165662 0.542582753258772 850
"1641" 47 55 960 0.480221698987078 0.371737223090828 950
"1642" 47 56 1080 0.463097631891068 0.199769808747236 1050
"1643" 47 57 1200 0.516740239069008 0.0308496467648587 1250
"1644" 47 58 1320 0.469349237323645 -0.28107186854639 1350
"1645" 47 59 1440 0.593221099196137 -0.466207958250022 1450
"1646" 48 49 120 0.984580274116618 0.952979810844256 150
"1647" 48 50 240 0.865419263642323 0.898891129464567 250
"1648" 48 51 360 0.777224376570498 0.798028347100544 350
"1649" 48 52 480 0.732078021972337 0.430063852358136 450
"1650" 48 53 600 0.838032237122606 0.41380277128803 650
"1651" 48 54 720 0.545287479919846 0.366038002084434 750
"1652" 48 55 840 0.451661813049929 0.190474052211421 850
"1653" 48 56 960 0.43288095017298 0.0175860316175417 950
"1654" 48 57 1080 0.520235843135645 -0.176418375686958 1050
"1655" 48 58 1200 0.485484138411371 -0.169855488965354 1250
"1656" 48 59 1320 0.579818336783668 -0.474769558350475 1350
"1657" 49 50 120 0.986749580807012 0.945072546561554 150
"1658" 49 51 240 0.942096195159627 0.865295998344954 250
"1659" 49 52 360 0.844606443433945 0.294601786804874 350
"1660" 49 53 480 0.891727035046135 0.28195977302855 450
"1661" 49 54 600 0.548029016071537 0.267121796844866 650
"1662" 49 55 720 0.451686956130757 0.135129716309589 750
"1663" 49 56 840 0.475288891983121 -0.0954635897587866 850
"1664" 49 57 960 0.557261144840968 -0.17133507458197 950
"1665" 49 58 1080 0.533886222416661 -0.23235263793261 1050
"1666" 49 59 1200 0.647301916820426 -0.406618276132502 1250
"1667" 50 51 120 0.971772854708561 0.935909470180464 150
"1668" 50 52 240 0.925924661806266 0.522718930186654 250
"1669" 50 53 360 0.897380235324019 0.189448643083064 350
"1670" 50 54 480 0.661368516594447 0.236431205439664 450
"1671" 50 55 600 0.587742551988239 0.00336326513732639 650
"1672" 50 56 720 0.640602686560308 0.031346846318859 750
"1673" 50 57 840 0.629832993267536 -0.0705405401289669 850
"1674" 50 58 960 0.684584641929676 -0.219794584098224 950
"1675" 50 59 1080 0.834022859401587 -0.515714126000561 1050
"1676" 51 52 120 0.985185243571671 0.747027570401226 150
"1677" 51 53 240 0.919804100094823 0.536104912573498 250
"1678" 51 54 360 0.722695350213324 0.659051351436654 350
"1679" 51 55 480 0.666678360328801 0.442666413622901 450
"1680" 51 56 600 0.709066229994101 0.332965136357297 650
"1681" 51 57 720 0.618450314887565 0.059507989475962 750
"1682" 51 58 840 0.688472987198175 0.0522997785763324 850
"1683" 51 59 960 0.842264959001547 -0.332380757861367 950
"1684" 52 53 120 0.924680087379983 0.786250250669725 150
"1685" 52 54 240 0.793684440590362 0.801148981339121 250
"1686" 52 55 360 0.763833494826457 0.565571913906659 350
"1687" 52 56 480 0.74166546164574 0.262036549601837 450
"1688" 52 57 600 0.734060468915704 0.0902220387959039 650
"1689" 52 58 720 0.676993799792087 0.0383666453157295 750
"1690" 52 59 840 0.786245244854662 -0.367105674746901 850
"1691" 53 54 120 0.896426787934683 0.902783101123833 150
"1692" 53 55 240 0.834863090755004 0.724011707636392 250
"1693" 53 56 360 0.840393214909916 0.368744304787981 350
"1694" 53 57 480 0.827938708825909 0.232377174181231 450
"1695" 53 58 600 0.780793793413287 0.378246148557521 650
"1696" 53 59 720 0.847412509291942 0.0568200255782641 750
"1697" 54 55 120 0.984723717307966 0.919208583031497 150
"1698" 54 56 240 0.917321416808022 0.601983439287636 250
"1699" 54 57 360 0.871651283303164 0.471808223513033 350
"1700" 54 58 480 0.811994202986543 0.300165873829436 450
"1701" 54 59 600 0.790776192093449 0.0802572704582678 650
"1702" 55 56 120 0.946446368024388 0.823225550566757 150
"1703" 55 57 240 0.88767684469259 0.58794421425402 250
"1704" 55 58 360 0.82071639127348 0.284326427713684 350
"1705" 55 59 480 0.782309915569087 0.115102182571751 450
"1706" 56 57 120 0.972272190552052 0.658071525759344 150
"1707" 56 58 240 0.933013967918033 0.533194277437726 250
"1708" 56 59 360 0.885020657289146 0.274295972328539 350
"1709" 57 58 120 0.975812539716984 0.630420393760968 150
"1710" 57 59 240 0.956237383378916 0.622734216674826 250
"1711" 58 59 120 0.987188516768337 0.849225062296698 150
