"i" "j" "hgt" "rsp" "rdir" "hgto"
"1" 1 2 58 NA NA 50
"2" 1 3 116 NA NA 150
"3" 1 4 174 NA NA 150
"4" 1 5 232 NA NA 250
"5" 1 6 290 NA NA 250
"6" 1 7 348 NA NA 350
"7" 1 8 406 NA NA 450
"8" 1 9 464 NA NA 450
"9" 1 10 522 NA NA 550
"10" 1 11 580 NA NA 550
"11" 1 12 638 NA NA 650
"12" 1 13 696 NA NA 650
"13" 1 14 783 NA NA 750
"14" 1 15 899 NA NA 850
"15" 1 16 1015 NA NA 1050
"16" 1 17 1131 NA NA 1150
"17" 1 18 1246 NA NA 1250
"18" 1 19 1362 NA NA 1350
"19" 1 20 1478 NA NA 1450
"20" 1 21 1594 NA NA 1550
"21" 1 22 1710 NA NA 1750
"22" 1 23 1826 NA NA 1850
"23" 1 24 1942 NA NA 1950
"24" 1 25 2058 NA NA 2050
"25" 1 26 2174 NA NA 2150
"26" 1 27 2290 NA NA 2250
"27" 1 28 2406 NA NA 2450
"28" 1 29 2521 NA NA 2550
"29" 1 30 2637 NA NA 2650
"30" 1 31 2753 NA NA 2750
"31" 1 32 2869 NA NA 2850
"32" 1 33 3043 NA NA 3050
"33" 1 34 3275 NA NA 3250
"34" 1 35 3507 NA NA 3550
"35" 1 36 3739 NA NA 3750
"36" 1 37 3970 NA NA 3950
"37" 1 38 4202 NA NA 4250
"38" 1 39 4434 NA NA 4450
"39" 1 40 4666 NA NA 4650
"40" 1 41 4898 NA NA 4850
"41" 1 42 5129 NA NA 5150
"42" 1 43 5361 NA NA 5350
"43" 1 44 5593 NA NA 5550
"44" 1 45 5825 NA NA 5850
"45" 1 46 6057 NA NA 6050
"46" 1 47 6289 NA NA 6250
"47" 1 48 6520 NA NA 6550
"48" 1 49 6752 NA NA 6750
"49" 1 50 6984 NA NA 6950
"50" 1 51 7216 NA NA 7250
"51" 1 52 7448 NA NA 7450
"52" 1 53 7680 NA NA 7650
"53" 1 54 7911 NA NA 7950
"54" 1 55 8143 NA NA 8150
"55" 1 56 8375 NA NA 8350
"56" 1 57 8839 NA NA 8850
"57" 1 58 9070 NA NA 9050
"58" 2 3 58 NA NA 50
"59" 2 4 116 NA NA 150
"60" 2 5 174 NA NA 150
"61" 2 6 232 NA NA 250
"62" 2 7 290 NA NA 250
"63" 2 8 348 NA NA 350
"64" 2 9 406 NA NA 450
"65" 2 10 464 NA NA 450
"66" 2 11 522 NA NA 550
"67" 2 12 580 NA NA 550
"68" 2 13 638 NA NA 650
"69" 2 14 725 NA NA 750
"70" 2 15 841 NA NA 850
"71" 2 16 957 1 -1 950
"72" 2 17 1073 NA NA 1050
"73" 2 18 1188 NA NA 1150
"74" 2 19 1304 NA NA 1350
"75" 2 20 1420 NA NA 1450
"76" 2 21 1536 NA NA 1550
"77" 2 22 1652 NA NA 1650
"78" 2 23 1768 NA NA 1750
"79" 2 24 1884 NA NA 1850
"80" 2 25 2000 NA NA 2050
"81" 2 26 2116 NA NA 2150
"82" 2 27 2232 NA NA 2250
"83" 2 28 2348 NA NA 2350
"84" 2 29 2463 NA NA 2450
"85" 2 30 2579 NA NA 2550
"86" 2 31 2695 NA NA 2650
"87" 2 32 2811 NA NA 2850
"88" 2 33 2985 NA NA 2950
"89" 2 34 3217 NA NA 3250
"90" 2 35 3449 NA NA 3450
"91" 2 36 3681 NA NA 3650
"92" 2 37 3912 NA NA 3950
"93" 2 38 4144 NA NA 4150
"94" 2 39 4376 NA NA 4350
"95" 2 40 4608 NA NA 4650
"96" 2 41 4840 NA NA 4850
"97" 2 42 5071 NA NA 5050
"98" 2 43 5303 NA NA 5350
"99" 2 44 5535 NA NA 5550
"100" 2 45 5767 NA NA 5750
"101" 2 46 5999 NA NA 5950
"102" 2 47 6231 NA NA 6250
"103" 2 48 6462 NA NA 6450
"104" 2 49 6694 NA NA 6650
"105" 2 50 6926 NA NA 6950
"106" 2 51 7158 NA NA 7150
"107" 2 52 7390 NA NA 7350
"108" 2 53 7622 NA NA 7650
"109" 2 54 7853 NA NA 7850
"110" 2 55 8085 NA NA 8050
"111" 2 56 8317 NA NA 8350
"112" 2 57 8781 NA NA 8750
"113" 2 58 9012 NA NA 9050
"114" 3 4 58 1 1 50
"115" 3 5 116 -1 -1 150
"116" 3 6 174 -1 -1 150
"117" 3 7 232 -1 -1 250
"118" 3 8 290 -1 1 250
"119" 3 9 348 NA NA 350
"120" 3 10 406 -1 -1 450
"121" 3 11 464 NA NA 450
"122" 3 12 522 NA NA 550
"123" 3 13 580 NA NA 550
"124" 3 14 667 NA NA 650
"125" 3 15 783 NA NA 750
"126" 3 16 899 NA NA 850
"127" 3 17 1015 1 -1 1050
"128" 3 18 1130 1 1 1150
"129" 3 19 1246 NA NA 1250
"130" 3 20 1362 NA NA 1350
"131" 3 21 1478 NA NA 1450
"132" 3 22 1594 NA NA 1550
"133" 3 23 1710 NA NA 1750
"134" 3 24 1826 NA NA 1850
"135" 3 25 1942 NA NA 1950
"136" 3 26 2058 NA NA 2050
"137" 3 27 2174 NA NA 2150
"138" 3 28 2290 NA NA 2250
"139" 3 29 2405 NA NA 2450
"140" 3 30 2521 NA NA 2550
"141" 3 31 2637 NA NA 2650
"142" 3 32 2753 NA NA 2750
"143" 3 33 2927 NA NA 2950
"144" 3 34 3159 NA NA 3150
"145" 3 35 3391 NA NA 3350
"146" 3 36 3623 NA NA 3650
"147" 3 37 3854 NA NA 3850
"148" 3 38 4086 NA NA 4050
"149" 3 39 4318 NA NA 4350
"150" 3 40 4550 NA NA 4550
"151" 3 41 4782 NA NA 4750
"152" 3 42 5013 NA NA 5050
"153" 3 43 5245 NA NA 5250
"154" 3 44 5477 NA NA 5450
"155" 3 45 5709 NA NA 5750
"156" 3 46 5941 NA NA 5950
"157" 3 47 6173 NA NA 6150
"158" 3 48 6404 NA NA 6450
"159" 3 49 6636 NA NA 6650
"160" 3 50 6868 NA NA 6850
"161" 3 51 7100 NA NA 7150
"162" 3 52 7332 NA NA 7350
"163" 3 53 7564 NA NA 7550
"164" 3 54 7795 NA NA 7750
"165" 3 55 8027 NA NA 8050
"166" 3 56 8259 NA NA 8250
"167" 3 57 8723 NA NA 8750
"168" 3 58 8954 NA NA 8950
"169" 4 5 58 0.924119253427948 -0.389521703029866 50
"170" 4 6 116 0.806572410413946 -0.59661502079344 150
"171" 4 7 174 0.420129777528658 -0.468779672482203 150
"172" 4 8 232 0.065660481842436 0.449824695265104 250
"173" 4 9 290 -0.626611784366262 -0.0135624110672547 250
"174" 4 10 348 -0.809039445707904 -0.141368517777297 350
"175" 4 11 406 -0.85813406230989 0.127519626120635 450
"176" 4 12 464 -1 1 450
"177" 4 13 522 -1 1 550
"178" 4 14 609 -0.244560592431004 0.747734800049056 650
"179" 4 15 725 0.00491404008047175 0.495193080082264 750
"180" 4 16 841 -0.0813764844739761 -0.563678422698089 850
"181" 4 17 957 -0.176058965464327 -0.616977261425492 950
"182" 4 18 1072 0.564022183681108 -0.218775824007079 1050
"183" 4 19 1188 0.936101837589486 -0.223807279333758 1150
"184" 4 20 1304 -1 1 1350
"185" 4 21 1420 -0.887486550556537 0.521778794086074 1450
"186" 4 22 1536 -0.911793096169688 0.847120107966271 1550
"187" 4 23 1652 -0.992476240539791 0.654067323857593 1650
"188" 4 24 1768 -0.937213797663693 0.995238091181286 1750
"189" 4 25 1884 -1 -1 1850
"190" 4 26 2000 -0.996054817832918 0.911036901179668 2050
"191" 4 27 2116 -0.998410736674619 0.999870012901775 2150
"192" 4 28 2232 NA NA 2250
"193" 4 29 2347 0.632094637449882 -0.816038213363937 2350
"194" 4 30 2463 0.954871524225074 -0.994614962261981 2450
"195" 4 31 2579 0.870756070494152 -0.89424862081264 2550
"196" 4 32 2695 -1 -1 2650
"197" 4 33 2869 -0.582820809873196 0.308796866060221 2850
"198" 4 34 3101 NA NA 3150
"199" 4 35 3333 NA NA 3350
"200" 4 36 3565 1 1 3550
"201" 4 37 3796 NA NA 3750
"202" 4 38 4028 1 1 4050
"203" 4 39 4260 0.0679994528601247 -0.0679851642851261 4250
"204" 4 40 4492 NA NA 4450
"205" 4 41 4724 -1 -1 4750
"206" 4 42 4955 NA NA 4950
"207" 4 43 5187 -1 -1 5150
"208" 4 44 5419 -1 -1 5450
"209" 4 45 5651 0.359163295762344 -0.987398016959825 5650
"210" 4 46 5883 -0.606357369761666 -0.998050318541686 5850
"211" 4 47 6115 NA NA 6150
"212" 4 48 6346 -1 -1 6350
"213" 4 49 6578 -1 -1 6550
"214" 4 50 6810 -1 -1 6850
"215" 4 51 7042 -1 -1 7050
"216" 4 52 7274 NA NA 7250
"217" 4 53 7506 NA NA 7550
"218" 4 54 7737 NA NA 7750
"219" 4 55 7969 -1 -1 7950
"220" 4 56 8201 NA NA 8250
"221" 4 57 8665 NA NA 8650
"222" 4 58 8896 NA NA 8850
"223" 5 6 58 0.967140790657933 0.861492074886122 50
"224" 5 7 116 0.721379458669348 0.856141429956968 150
"225" 5 8 174 0.41119420133001 0.503503903790319 150
"226" 5 9 232 -0.408930730781449 0.601022059713144 250
"227" 5 10 290 -0.523129931123878 0.315237896326388 250
"228" 5 11 348 -0.70022194215048 0.482361592475809 350
"229" 5 12 406 -1 1 450
"230" 5 13 464 -1 1 450
"231" 5 14 551 0.00884933037852365 -0.211810934259525 550
"232" 5 15 667 0.257882570678792 0.112918062533623 650
"233" 5 16 783 0.173565897691594 0.942505133173358 750
"234" 5 17 899 -0.254400804611742 0.663629569824941 850
"235" 5 18 1014 0.449636765717932 0.983587951453229 1050
"236" 5 19 1130 0.893592446110722 0.792743474691805 1150
"237" 5 20 1246 -1 1 1250
"238" 5 21 1362 -0.833696966802007 0.99290952905902 1350
"239" 5 22 1478 -0.86318100957034 0.836044980454996 1450
"240" 5 23 1594 -0.999861354296861 0.960174997949966 1550
"241" 5 24 1710 -0.968875389467556 0.326077888446614 1750
"242" 5 25 1826 -1 1 1850
"243" 5 26 1942 -0.999851461135961 0.00477606908781728 1950
"244" 5 27 2058 -0.998764850713723 0.431274043116057 2050
"245" 5 28 2174 NA NA 2150
"246" 5 29 2289 0.710597103118144 -0.865452916413394 2250
"247" 5 30 2405 0.918050063488563 -0.508641443307775 2450
"248" 5 31 2521 0.813790372148633 -0.779474983028725 2550
"249" 5 32 2637 -1 -1 2650
"250" 5 33 2811 -0.358144473524924 -0.810581440444373 2850
"251" 5 34 3043 NA NA 3050
"252" 5 35 3275 NA NA 3250
"253" 5 36 3507 1 -1 3550
"254" 5 37 3738 NA NA 3750
"255" 5 38 3970 1 -1 3950
"256" 5 39 4202 0.173266206471687 -0.935281428955079 4250
"257" 5 40 4434 NA NA 4450
"258" 5 41 4666 -1 -1 4650
"259" 5 42 4897 NA NA 4850
"260" 5 43 5129 -1 -1 5150
"261" 5 44 5361 -1 -1 5350
"262" 5 45 5593 0.455972241133608 -0.267556098849728 5550
"263" 5 46 5825 -0.518741822357527 -0.359120632801241 5850
"264" 5 47 6057 NA NA 6050
"265" 5 48 6288 -1 -1 6250
"266" 5 49 6520 -1 -1 6550
"267" 5 50 6752 -1 -1 6750
"268" 5 51 6984 -1 -1 6950
"269" 5 52 7216 NA NA 7250
"270" 5 53 7448 NA NA 7450
"271" 5 54 7679 NA NA 7650
"272" 5 55 7911 -1 -1 7950
"273" 5 56 8143 NA NA 8150
"274" 5 57 8607 NA NA 8650
"275" 5 58 8838 NA NA 8850
"276" 6 7 58 0.859822033666146 0.990200403876334 50
"277" 6 8 116 0.631186864647577 0.557899960595048 150
"278" 6 9 174 -0.0397853099826411 0.798009931574582 150
"279" 6 10 232 -0.0850545822853898 0.717383859953163 250
"280" 6 11 290 -0.332582594486111 0.67559996882156 250
"281" 6 12 348 -0.0862496465373304 0.790499797935696 350
"282" 6 13 406 -1 1 450
"283" 6 14 493 0.21839713103414 0.289930411522313 450
"284" 6 15 609 0.336457758944864 0.355761573260791 650
"285" 6 16 725 0.276759090721413 0.872776189628149 750
"286" 6 17 841 -0.174209981728123 0.412886876104524 850
"287" 6 18 956 0.436395932612184 0.808012050085334 950
"288" 6 19 1072 0.917677350424837 0.367925069811329 1050
"289" 6 20 1188 -1 1 1150
"290" 6 21 1304 -0.863756819336932 0.913347324782927 1350
"291" 6 22 1420 -0.890501211661485 0.999107957267986 1450
"292" 6 23 1536 -0.997295582273267 0.967574528011198 1550
"293" 6 24 1652 -0.953226703607234 0.764761979192976 1650
"294" 6 25 1768 -1 1 1750
"295" 6 26 1884 -0.999213131643025 0.516960377521583 1850
"296" 6 27 2000 -0.999974066480064 0.832953800767704 2050
"297" 6 28 2116 NA NA 2150
"298" 6 29 2231 0.669427136753649 -0.99990509173867 2250
"299" 6 30 2347 0.939114108057229 -0.878219384679222 2350
"300" 6 31 2463 0.845528302403518 -0.990431245572858 2450
"301" 6 32 2579 -1 -1 2550
"302" 6 33 2753 0.010358797522546 0.260552028482698 2750
"303" 6 34 2985 1 1 2950
"304" 6 35 3217 -1 1 3250
"305" 6 36 3449 -0.59820690208014 -0.99702304322751 3450
"306" 6 37 3680 -1 -1 3650
"307" 6 38 3912 -0.491539303728515 -0.825389289772604 3950
"308" 6 39 4144 0.0914301692742524 -0.788328614993983 4150
"309" 6 40 4376 NA NA 4350
"310" 6 41 4608 -0.808224977490807 -0.981437384917163 4650
"311" 6 42 4839 1 -1 4850
"312" 6 43 5071 -0.532621337766442 -0.696460138725549 5050
"313" 6 44 5303 -0.999061231846949 -0.598068838733594 5350
"314" 6 45 5535 0.297937867323672 -0.568908604201085 5550
"315" 6 46 5767 0.0885328963647109 -0.627724553205147 5750
"316" 6 47 5999 NA NA 5950
"317" 6 48 6230 -1 -1 6250
"318" 6 49 6462 -1 -1 6450
"319" 6 50 6694 -1 -1 6650
"320" 6 51 6926 -1 -1 6950
"321" 6 52 7158 NA NA 7150
"322" 6 53 7390 NA NA 7350
"323" 6 54 7621 -1 -1 7650
"324" 6 55 7853 -0.976229129260449 -0.97771341381242 7850
"325" 6 56 8085 -1 -1 8050
"326" 6 57 8549 NA NA 8550
"327" 6 58 8780 NA NA 8750
"328" 7 8 58 0.936860811981521 0.658222761699153 50
"329" 7 9 116 0.671522058234843 0.865782363341844 150
"330" 7 10 174 0.409909878175534 0.773211757838816 150
"331" 7 11 232 0.432356777864296 0.765272110126378 250
"332" 7 12 290 0.483830725150905 0.87221916938631 250
"333" 7 13 348 -1 1 350
"334" 7 14 435 0.762980882765016 0.380409593006234 450
"335" 7 15 551 0.805367578497045 0.472517774163295 550
"336" 7 16 667 0.764190674327307 0.891235450429328 650
"337" 7 17 783 -0.0428063101198482 0.308845511712393 750
"338" 7 18 898 0.276133498468228 0.829090265517688 850
"339" 7 19 1014 0.938701414235264 0.24941553437086 1050
"340" 7 20 1130 -1 1 1150
"341" 7 21 1246 -0.890901947786974 0.85561122785111 1250
"342" 7 22 1362 -0.914833194466377 0.996602237514537 1350
"343" 7 23 1478 -0.991534590847999 0.928645501372124 1450
"344" 7 24 1594 -0.934584222720303 0.838961322251035 1550
"345" 7 25 1710 -1 1 1750
"346" 7 26 1826 -0.995364619057931 0.619414052863416 1850
"347" 7 27 1942 -0.99796221938558 0.895309017975587 1950
"348" 7 28 2058 NA NA 2050
"349" 7 29 2173 0.626292457544911 -0.990427315238267 2150
"350" 7 30 2289 0.957062167838152 -0.930884327831401 2250
"351" 7 31 2405 0.874402465310665 -0.999905483653355 2450
"352" 7 32 2521 -1 -1 2550
"353" 7 33 2695 0.684727915399441 0.23373000430559 2650
"354" 7 34 2927 1 1 2950
"355" 7 35 3159 1 1 3150
"356" 7 36 3391 -0.865002215270506 -0.997619153321923 3350
"357" 7 37 3622 1 -1 3650
"358" 7 38 3854 -0.794236281703829 -0.829969739189568 3850
"359" 7 39 4086 -0.0103043337425466 -0.732289379400567 4050
"360" 7 40 4318 NA NA 4350
"361" 7 41 4550 -0.999267364489273 -0.998992982541509 4550
"362" 7 42 4781 -1 -1 4750
"363" 7 43 5013 -0.914017067995926 -0.794721911057005 5050
"364" 7 44 5245 -0.805239245913345 -0.709780078065007 5250
"365" 7 45 5477 0.624949611048177 -0.678472722838774 5450
"366" 7 46 5709 0.451788857901095 -0.733681177157476 5750
"367" 7 47 5941 NA NA 5950
"368" 7 48 6172 -1 -1 6150
"369" 7 49 6404 -1 -1 6450
"370" 7 50 6636 -1 -1 6650
"371" 7 51 6868 -1 -1 6850
"372" 7 52 7100 NA NA 7150
"373" 7 53 7332 NA NA 7350
"374" 7 54 7563 1 -1 7550
"375" 7 55 7795 -0.983399312516174 -0.955234335005256 7750
"376" 7 56 8027 1 -1 8050
"377" 7 57 8491 NA NA 8450
"378" 7 58 8722 NA NA 8750
"379" 8 9 58 0.906974269296082 0.959198874725492 50
"380" 8 10 116 0.670649465815977 0.671172816266965 150
"381" 8 11 174 0.755331090160859 0.952077110435038 150
"382" 8 12 232 0.764042173294666 0.997014532663234 250
"383" 8 13 290 -1 1 250
"384" 8 14 377 0.891791053638126 0.907532566001949 350
"385" 8 15 493 0.882358727447853 0.92355257410232 450
"386" 8 16 609 0.86285505854151 0.519863314118119 650
"387" 8 17 725 0.143165157383263 -0.261177542657722 750
"388" 8 18 840 0.180970369508583 0.633850703545907 850
"389" 8 19 956 0.988800028547247 0.0725172681911193 950
"390" 8 20 1072 -1 1 1050
"391" 8 21 1188 -0.963951295303894 0.749452578659223 1150
"392" 8 22 1304 -0.977283597398403 0.965885791839921 1350
"393" 8 23 1420 -0.945276011921057 0.847495506219952 1450
"394" 8 24 1536 -0.844130951485451 0.922638719940383 1550
"395" 8 25 1652 -1 1 1650
"396" 8 26 1768 -0.955787992141255 0.749622678088529 1750
"397" 8 27 1884 -0.964830812578151 0.960451761260034 1850
"398" 8 28 2000 NA NA 2050
"399" 8 29 2115 0.457020004584762 -0.949871062266166 2150
"400" 8 30 2231 0.995774844898952 -0.981149363001567 2250
"401" 8 31 2347 0.954012855714069 -0.986295438629594 2350
"402" 8 32 2463 -1 -1 2450
"403" 8 33 2637 0.900282314085795 0.352630604826503 2650
"404" 8 34 2869 1 1 2850
"405" 8 35 3101 1 1 3150
"406" 8 36 3333 -0.89530042115479 0.391189599283697 3350
"407" 8 37 3564 1 -1 3550
"408" 8 38 3796 -0.831443098911335 -0.120506740023379 3750
"409" 8 39 4028 -0.167266241681571 -0.503023984870703 4050
"410" 8 40 4260 NA NA 4250
"411" 8 41 4492 -0.947251619239406 -0.92532585010272 4450
"412" 8 42 4723 -1 -1 4750
"413" 8 43 4955 -0.998585787328226 -0.976231712625546 4950
"414" 8 44 5187 -0.540936384629671 -0.940115836499804 5150
"415" 8 45 5419 0.799294403019214 -0.885577419463336 5450
"416" 8 46 5651 0.680005213648854 -0.926858044826439 5650
"417" 8 47 5883 NA NA 5850
"418" 8 48 6114 -1 -1 6150
"419" 8 49 6346 -1 -1 6350
"420" 8 50 6578 -1 -1 6550
"421" 8 51 6810 -1 -1 6850
"422" 8 52 7042 NA NA 7050
"423" 8 53 7274 NA NA 7250
"424" 8 54 7505 1 -1 7550
"425" 8 55 7737 -0.857814752855405 -0.826710892521155 7750
"426" 8 56 7969 1 -1 7950
"427" 8 57 8433 NA NA 8450
"428" 8 58 8664 NA NA 8650
"429" 9 10 58 0.907184755505664 0.96367616782235 50
"430" 9 11 116 0.954167928786897 0.970396251996724 150
"431" 9 12 174 0.977924946788431 0.988481161437377 150
"432" 9 13 232 -1 1 250
"433" 9 14 319 0.918035558041816 0.75821215768827 350
"434" 9 15 435 0.862889956297701 0.840416940199782 450
"435" 9 16 551 0.872495892561135 0.730389853448471 550
"436" 9 17 667 0.700588887318698 -0.316336066333484 650
"437" 9 18 782 0.00636409048073062 0.726930998088384 750
"438" 9 19 898 1 -1 850
"439" 9 20 1014 NA NA 1050
"440" 9 21 1130 -1 1 1150
"441" 9 22 1246 -1 1 1250
"442" 9 23 1362 -1 1 1350
"443" 9 24 1478 -1 1 1450
"444" 9 25 1594 NA NA 1550
"445" 9 26 1710 -1 1 1750
"446" 9 27 1826 -1 1 1850
"447" 9 28 1942 NA NA 1950
"448" 9 29 2057 -1 -1 2050
"449" 9 30 2173 1 -1 2150
"450" 9 31 2289 1 -1 2250
"451" 9 32 2405 NA NA 2450
"452" 9 33 2579 0.990485805156888 0.269954644319726 2550
"453" 9 34 2811 1 1 2850
"454" 9 35 3043 1 1 3050
"455" 9 36 3275 -0.861614188076987 -0.206697681003843 3250
"456" 9 37 3506 1 -1 3550
"457" 9 38 3738 -0.790139303692483 -0.667556933737158 3750
"458" 9 39 3970 -0.627722170564557 -0.484894492655141 3950
"459" 9 40 4202 NA NA 4250
"460" 9 41 4434 -0.684425575819672 -0.951023660598601 4450
"461" 9 42 4665 -1 -1 4650
"462" 9 43 4897 -0.905795049373081 -0.957352906554771 4850
"463" 9 44 5129 -0.0807289083889958 -0.912081845705736 5150
"464" 9 45 5361 0.960780332574687 -0.898668156181238 5350
"465" 9 46 5593 0.917153892674944 -0.924940081262128 5550
"466" 9 47 5825 NA NA 5850
"467" 9 48 6056 -1 -1 6050
"468" 9 49 6288 -1 -1 6250
"469" 9 50 6520 -1 -1 6550
"470" 9 51 6752 -1 -1 6750
"471" 9 52 6984 NA NA 6950
"472" 9 53 7216 NA NA 7250
"473" 9 54 7447 1 -1 7450
"474" 9 55 7679 1 -1 7650
"475" 9 56 7911 1 -1 7950
"476" 9 57 8375 NA NA 8350
"477" 9 58 8606 NA NA 8650
"478" 10 11 58 0.961146758914288 0.976058268785746 50
"479" 10 12 116 0.964457036295888 0.9368521334733 150
"480" 10 13 174 0.949535881418851 0.989515111129714 150
"481" 10 14 261 0.798455948425974 0.623738122153287 250
"482" 10 15 377 0.732368455215691 0.844387523106588 350
"483" 10 16 493 0.705649493811628 0.817943178999777 450
"484" 10 17 609 0.0148600338881237 -0.389068595003911 650
"485" 10 18 724 -0.555081206358525 0.331769818415214 750
"486" 10 19 840 -0.999401792238586 -0.586907708610415 850
"487" 10 20 956 1 1 950
"488" 10 21 1072 0.999510766904664 0.346431964132307 1050
"489" 10 22 1188 0.999949506304524 0.670153852431946 1150
"490" 10 23 1304 0.958596528525855 0.485787577981035 1350
"491" 10 24 1420 0.731517557234479 0.954180786464829 1450
"492" 10 25 1536 -1 -1 1550
"493" 10 26 1652 0.885668057745321 0.999724139331777 1650
"494" 10 27 1768 0.90027546695532 0.914049099308196 1750
"495" 10 28 1884 NA NA 1850
"496" 10 29 1999 -0.286186830352372 -0.525249248981678 1950
"497" 10 30 2115 -0.995730543818682 -0.875009563700727 2150
"498" 10 31 2231 -0.992802656986476 -0.648212355249191 2250
"499" 10 32 2347 1 -1 2350
"500" 10 33 2521 0.759966841883961 -0.0143921986537939 2550
"501" 10 34 2753 1 -1 2750
"502" 10 35 2985 0.945950597602863 0.897276850772159 2950
"503" 10 36 3217 -0.783541492620481 0.125884971906923 3250
"504" 10 37 3448 0.785678887430468 0.374319321623838 3450
"505" 10 38 3680 -0.729209827422041 -0.0812510229188645 3650
"506" 10 39 3912 0.254793304085157 0.0114225144032146 3950
"507" 10 40 4144 NA NA 4150
"508" 10 41 4376 0.00274551039908477 -0.0796762551800329 4350
"509" 10 42 4607 0.373822889041617 -0.155689226261364 4650
"510" 10 43 4839 0.216079041392226 -0.809608575696882 4850
"511" 10 44 5071 0.613268274765611 -0.95232768520519 5050
"512" 10 45 5303 0.879632676860851 -0.883786027273656 5350
"513" 10 46 5535 0.913274866876645 -0.920121695272908 5550
"514" 10 47 5767 1 -1 5750
"515" 10 48 5998 1 -1 5950
"516" 10 49 6230 1 -1 6250
"517" 10 50 6462 1 -1 6450
"518" 10 51 6694 1 -1 6650
"519" 10 52 6926 1 -1 6950
"520" 10 53 7158 1 -1 7150
"521" 10 54 7389 0.714346585165791 -0.285665335130953 7350
"522" 10 55 7621 0.242968298609463 -0.00704034615983498 7650
"523" 10 56 7853 0.586149154838831 0.359837064453972 7850
"524" 10 57 8317 NA NA 8350
"525" 10 58 8548 NA NA 8550
"526" 11 12 58 0.987713580752064 0.966101523942263 50
"527" 11 13 116 0.994925028636832 0.998538231751187 150
"528" 11 14 203 0.864662813613194 0.770007858406763 250
"529" 11 15 319 0.77903414755126 0.866003563351279 350
"530" 11 16 435 0.721319339681937 0.715911513572418 450
"531" 11 17 551 0.409399837804886 -0.446898476909208 550
"532" 11 18 666 -0.341076806446304 0.62287441816787 650
"533" 11 19 782 -1 -1 750
"534" 11 20 898 NA NA 850
"535" 11 21 1014 0.971318539237017 0.700388842329581 1050
"536" 11 22 1130 0.975240030108778 0.878605077611577 1150
"537" 11 23 1246 0.976463698966746 0.759516320874827 1250
"538" 11 24 1362 1 1 1350
"539" 11 25 1478 NA NA 1450
"540" 11 26 1594 1 1 1550
"541" 11 27 1710 1 1 1750
"542" 11 28 1826 NA NA 1850
"543" 11 29 1941 1 -1 1950
"544" 11 30 2057 -1 -1 2050
"545" 11 31 2173 0.63256740212909 -0.801648206936269 2150
"546" 11 32 2289 1 -1 2250
"547" 11 33 2463 0.664016092171041 0.0395192771326168 2450
"548" 11 34 2695 1 -1 2650
"549" 11 35 2927 0.820126456808318 0.848143828182355 2950
"550" 11 36 3159 -0.940300779306241 0.892981877478459 3150
"551" 11 37 3390 0.585025449302862 0.465989741809846 3350
"552" 11 38 3622 -0.740477779186367 0.574828586447151 3650
"553" 11 39 3854 -0.22823268965605 -0.245718624895278 3850
"554" 11 40 4086 NA NA 4050
"555" 11 41 4318 0.0269294871987549 0.0217041545357438 4350
"556" 11 42 4549 0.614702432276931 -0.0552067902415421 4550
"557" 11 43 4781 -0.443480410126289 -0.757059481649171 4750
"558" 11 44 5013 0.744659689580486 -0.92411985904952 5050
"559" 11 45 5245 0.977358460044647 -0.918853588427089 5250
"560" 11 46 5477 0.985371472215564 -0.986466866258548 5450
"561" 11 47 5709 1 -1 5750
"562" 11 48 5940 1 -1 5950
"563" 11 49 6172 1 -1 6150
"564" 11 50 6404 1 -1 6450
"565" 11 51 6636 1 -1 6650
"566" 11 52 6868 1 -1 6850
"567" 11 53 7100 1 -1 7150
"568" 11 54 7331 0.879386102759181 -0.187494065417176 7350
"569" 11 55 7563 0.804364921676717 0.0313483537239816 7550
"570" 11 56 7795 0.786535713266285 0.452158197307515 7750
"571" 11 57 8259 NA NA 8250
"572" 11 58 8490 NA NA 8450
"573" 12 13 58 0.993673367786111 0.942976910167218 50
"574" 12 14 145 0.96131548155058 0.958446250566318 150
"575" 12 15 261 0.902213836452153 0.728511648201562 250
"576" 12 16 377 0.832053424911115 0.268775407363458 350
"577" 12 17 493 0.657626566616626 -0.557675161655024 450
"578" 12 18 608 -0.126089777312676 0.620701966965996 650
"579" 12 19 724 -0.79461533889056 -0.214905628657698 750
"580" 12 20 840 -0.926404410298901 0.960451026978473 850
"581" 12 21 956 0.829882166524143 0.616657569195854 950
"582" 12 22 1072 0.92036853006646 0.735389967992557 1050
"583" 12 23 1188 0.95047365927263 0.676395505080667 1150
"584" 12 24 1304 0.880378161681606 0.79517747461968 1350
"585" 12 25 1420 0.998145574923593 -0.882933742823281 1450
"586" 12 26 1536 0.747669879434653 0.526198837607259 1550
"587" 12 27 1652 0.861450812279127 0.746253205210055 1650
"588" 12 28 1768 1 1 1750
"589" 12 29 1883 0.950831854044297 -0.529945090773197 1850
"590" 12 30 1999 -0.032394220642415 -0.789722757663803 1950
"591" 12 31 2115 0.440031848892838 -0.926063885940771 2150
"592" 12 32 2231 NA NA 2250
"593" 12 33 2405 0.723734791124028 0.00183301971648341 2450
"594" 12 34 2637 0.713007421465768 -0.172418431435111 2650
"595" 12 35 2869 0.813016240221843 0.593737134808575 2850
"596" 12 36 3101 -0.862244250829461 0.379814484987299 3150
"597" 12 37 3332 0.698233102991295 0.606710751193566 3350
"598" 12 38 3564 -0.76777651215325 0.862228544058881 3550
"599" 12 39 3796 -0.0700074997176661 -0.212492749841343 3750
"600" 12 40 4028 NA NA 4050
"601" 12 41 4260 -0.213341201878303 0.215825913807011 4250
"602" 12 42 4491 -0.0110017585702831 0.101820306865514 4450
"603" 12 43 4723 0.129585862440267 -0.534840296237417 4750
"604" 12 44 4955 0.631762848457799 -0.795388500539471 4950
"605" 12 45 5187 0.94157648558406 -0.788571165814803 5150
"606" 12 46 5419 0.948633094642368 -0.92024263225862 5450
"607" 12 47 5651 1 1 5650
"608" 12 48 5882 1 -1 5850
"609" 12 49 6114 1 -1 6150
"610" 12 50 6346 1 -1 6350
"611" 12 51 6578 1 -1 6550
"612" 12 52 6810 1 -1 6850
"613" 12 53 7042 1 -1 7050
"614" 12 54 7273 0.799556465550604 -0.0214453979183679 7250
"615" 12 55 7505 0.70794965794587 0.197215471007801 7550
"616" 12 56 7737 0.686863121800999 0.59426127406197 7750
"617" 12 57 8201 NA NA 8250
"618" 12 58 8432 NA NA 8450
"619" 13 14 87 0.95440612016094 0.975371565541166 50
"620" 13 15 203 0.831343926598183 0.867203308710251 250
"621" 13 16 319 0.573731699001209 -0.0876834732168393 350
"622" 13 17 435 0.772031361161239 -0.602649440020762 450
"623" 13 18 550 0.0143716282091925 0.0562526378994288 550
"624" 13 19 666 -0.378916389562355 -0.423105684723258 650
"625" 13 20 782 -0.858727371255005 0.874571869026822 750
"626" 13 21 898 0.498349886049955 0.262421386208146 850
"627" 13 22 1014 0.8804394968881 0.818684289629773 1050
"628" 13 23 1130 0.934989972941215 0.320052475717811 1150
"629" 13 24 1246 0.916936394760256 0.475834522785586 1250
"630" 13 25 1362 0.97905692784264 -0.619372980685273 1350
"631" 13 26 1478 0.729248922716395 0.668671841529936 1450
"632" 13 27 1594 0.837205636303901 0.488116592950563 1550
"633" 13 28 1710 1 1 1750
"634" 13 29 1825 0.926932392057117 -0.500255808759522 1850
"635" 13 30 1941 0.0373490956717565 -0.768001813964815 1950
"636" 13 31 2057 0.667374782420776 -0.12898496929482 2050
"637" 13 32 2173 1 1 2150
"638" 13 33 2347 0.55277181383839 0.32364422593967 2350
"639" 13 34 2579 -0.997391651021902 -0.554200655176591 2550
"640" 13 35 2811 0.729076996495953 -0.0900577166793044 2850
"641" 13 36 3043 -1 1 3050
"642" 13 37 3274 0.973962858186261 0.990159968432713 3250
"643" 13 38 3506 -0.838070642476933 0.977690022701711 3550
"644" 13 39 3738 0.203419531778696 0.580393629871801 3750
"645" 13 40 3970 NA NA 3950
"646" 13 41 4202 0.203945394433903 0.321674065660083 4250
"647" 13 42 4433 0.496164410379495 0.338869181080061 4450
"648" 13 43 4665 0.8430401419717 -0.636353861769311 4650
"649" 13 44 4897 0.935096179986813 -0.896905133758112 4850
"650" 13 45 5129 0.999188027446876 -0.89252161414029 5150
"651" 13 46 5361 0.993130205675011 -0.980369417307811 5350
"652" 13 47 5593 1 -1 5550
"653" 13 48 5824 1 -1 5850
"654" 13 49 6056 1 -1 6050
"655" 13 50 6288 1 -1 6250
"656" 13 51 6520 1 -1 6550
"657" 13 52 6752 1 -1 6750
"658" 13 53 6984 1 -1 6950
"659" 13 54 7215 1 1 7250
"660" 13 55 7447 1 1 7450
"661" 13 56 7679 1 1 7650
"662" 13 57 8143 NA NA 8150
"663" 13 58 8374 NA NA 8350
"664" 14 15 116 0.973849062235262 0.627242212915935 150
"665" 14 16 232 0.897870897374857 -0.121944310073168 250
"666" 14 17 348 0.813990389035265 -0.459018059400453 350
"667" 14 18 463 0.410089010146781 0.348034072163667 450
"668" 14 19 579 -0.385758593151155 0.0373716462118288 550
"669" 14 20 695 -0.981194739360404 0.949920895026085 650
"670" 14 21 811 0.682297007951196 0.764841748108932 850
"671" 14 22 927 0.776216682656855 0.875237537219482 950
"672" 14 23 1043 0.818146702423136 0.777317472168517 1050
"673" 14 24 1159 0.526648058718747 0.85027712103362 1150
"674" 14 25 1275 0.974318924021961 -0.499781284916527 1250
"675" 14 26 1391 0.294599620289808 0.714556941427233 1350
"676" 14 27 1507 0.46733084536584 0.865169681962975 1550
"677" 14 28 1623 1 1 1650
"678" 14 29 1738 0.394336011016634 -0.31190982891288 1750
"679" 14 30 1854 0.729893244178747 -0.620220369518132 1850
"680" 14 31 1970 0.784077382994583 -0.976245997640202 1950
"681" 14 32 2086 NA NA 2050
"682" 14 33 2260 0.640810562666356 0.380734212059982 2250
"683" 14 34 2492 0.567138118557465 -0.326942861994029 2450
"684" 14 35 2724 0.754562060133972 0.531819963947546 2750
"685" 14 36 2956 -0.778301476905897 0.555203708280485 2950
"686" 14 37 3187 0.666435429933011 0.475287866478857 3150
"687" 14 38 3419 -0.49128789668407 0.320380444847077 3450
"688" 14 39 3651 -0.280751836740482 -0.337685140733113 3650
"689" 14 40 3883 NA NA 3850
"690" 14 41 4115 -0.304536423280769 0.203184955920935 4150
"691" 14 42 4346 -0.0739816929086549 -0.0844730531383434 4350
"692" 14 43 4578 0.0931989301987919 -0.533741347613254 4550
"693" 14 44 4810 0.525036216213549 -0.823466095572054 4850
"694" 14 45 5042 0.902188459785507 -0.813037093542938 5050
"695" 14 46 5274 0.888203971182833 -0.92394703310723 5250
"696" 14 47 5506 1 1 5550
"697" 14 48 5737 -1 -1 5750
"698" 14 49 5969 -1 -1 5950
"699" 14 50 6201 -1 -1 6250
"700" 14 51 6433 -1 -1 6450
"701" 14 52 6665 1 -1 6650
"702" 14 53 6897 1 -1 6850
"703" 14 54 7128 0.824922586878331 -0.177132447609705 7150
"704" 14 55 7360 0.737998690577956 0.0418795258622052 7350
"705" 14 56 7592 0.717824800028844 0.461532412449855 7550
"706" 14 57 8056 NA NA 8050
"707" 14 58 8287 NA NA 8250
"708" 15 16 116 0.995653337513921 0.34351451453158 150
"709" 15 17 232 0.921066907938909 -0.826964710417612 250
"710" 15 18 347 0.541527894671455 -0.2496412973681 350
"711" 15 19 463 0.608258833332208 -0.778128413782232 450
"712" 15 20 579 -0.597523006317266 0.485912502366062 550
"713" 15 21 695 0.304378300802259 -0.225918575260125 650
"714" 15 22 811 0.420443235881486 0.0472602483994009 850
"715" 15 23 927 0.393915291567584 -0.149857014254333 950
"716" 15 24 1043 0.335100995318254 0.406418209349453 1050
"717" 15 25 1159 0.706508935929737 -0.967702394343793 1150
"718" 15 26 1275 -0.0313477791417694 0.032771933866588 1250
"719" 15 27 1391 0.270044822968426 0.00614177598693198 1350
"720" 15 28 1507 NA NA 1550
"721" 15 29 1622 0.398606184255154 -0.655807500369472 1650
"722" 15 30 1738 0.759932142942781 -0.981286569568119 1750
"723" 15 31 1854 0.663806331974888 -0.101008134883435 1850
"724" 15 32 1970 0.858335758394625 0.181191752711327 1950
"725" 15 33 2144 0.485547005210441 0.337638429197768 2150
"726" 15 34 2376 0.703872224356534 0.366289617373718 2350
"727" 15 35 2608 0.421382597598233 0.430755342549851 2650
"728" 15 36 2840 -0.689545717996194 0.527105609403129 2850
"729" 15 37 3071 0.796930415381138 0.36453865114682 3050
"730" 15 38 3303 -0.475760640640901 0.490083378988084 3350
"731" 15 39 3535 -0.482576777385077 0.465653295478524 3550
"732" 15 40 3767 NA NA 3750
"733" 15 41 3999 -0.3317661350074 -0.378111897252009 3950
"734" 15 42 4230 -0.146344940150872 -0.381413379953675 4250
"735" 15 43 4462 -0.00638863724862167 -0.940314444663407 4450
"736" 15 44 4694 0.351202475732162 -0.996071425542061 4650
"737" 15 45 4926 0.802179521792454 -0.996865143491838 4950
"738" 15 46 5158 0.78518744999804 -0.940788646022909 5150
"739" 15 47 5390 1 -1 5350
"740" 15 48 5621 -1 -1 5650
"741" 15 49 5853 -1 -1 5850
"742" 15 50 6085 -1 -1 6050
"743" 15 51 6317 -1 -1 6350
"744" 15 52 6549 1 -1 6550
"745" 15 53 6781 1 -1 6750
"746" 15 54 7012 0.65477832728448 -0.502727480033374 7050
"747" 15 55 7244 0.542931354626375 -0.301997445418334 7250
"748" 15 56 7476 0.517987936302425 0.130668076811314 7450
"749" 15 57 7940 NA NA 7950
"750" 15 58 8171 NA NA 8150
"751" 16 17 116 0.879938272196276 0.386735963178634 150
"752" 16 18 231 0.575047955879759 -0.400482673519653 250
"753" 16 19 347 0.136111082496288 -0.403983390102947 350
"754" 16 20 463 0.678573077354404 -0.322718064554186 450
"755" 16 21 579 -0.109850388579052 -0.163971640686015 550
"756" 16 22 695 -0.209467517982669 -0.522506568847427 650
"757" 16 23 811 0.2205605464933 -0.738674340322321 850
"758" 16 24 927 0.385676993950511 -0.491312379048006 950
"759" 16 25 1043 0.692031954171566 -0.830181504571668 1050
"760" 16 26 1159 0.262649489444059 -0.720668196004082 1150
"761" 16 27 1275 0.238839852384004 -0.57636774971835 1250
"762" 16 28 1391 -0.0597396637592767 0.115563130138171 1350
"763" 16 29 1506 0.662556450968634 -0.951198629233859 1550
"764" 16 30 1622 0.657601502694697 -0.4670414434562 1650
"765" 16 31 1738 0.667362180794861 -0.0516447136514522 1750
"766" 16 32 1854 1 1 1850
"767" 16 33 2028 0.737821562318196 -0.0606713510523415 2050
"768" 16 34 2260 0.435301574750254 -0.459133454845197 2250
"769" 16 35 2492 0.428938745942653 0.0793489758019195 2450
"770" 16 36 2724 -0.560354948437071 -0.567249007158267 2750
"771" 16 37 2955 0.991959444558846 -0.992955574051036 2950
"772" 16 38 3187 -0.385073921231411 0.471334851764212 3150
"773" 16 39 3419 -0.41652147216147 0.695025555665174 3450
"774" 16 40 3651 1 1 3650
"775" 16 41 3883 -0.346117080222958 -0.178502469880734 3850
"776" 16 42 4114 -0.161032049437934 0.0981714032388488 4150
"777" 16 43 4346 -0.349099087485076 -0.663622451311459 4350
"778" 16 44 4578 -0.256696712444913 -0.951306181451271 4550
"779" 16 45 4810 0.896150260492582 -0.94108898192277 4850
"780" 16 46 5042 0.831661576193179 -0.960832468724351 5050
"781" 16 47 5274 NA NA 5250
"782" 16 48 5505 -1 -1 5550
"783" 16 49 5737 -1 -1 5750
"784" 16 50 5969 -1 -1 5950
"785" 16 51 6201 -1 -1 6250
"786" 16 52 6433 NA NA 6450
"787" 16 53 6665 NA NA 6650
"788" 16 54 6896 1 -1 6850
"789" 16 55 7128 1 -1 7150
"790" 16 56 7360 1 -1 7350
"791" 16 57 7824 NA NA 7850
"792" 16 58 8055 NA NA 8050
"793" 17 18 115 0.598269283764254 0.639726077830798 150
"794" 17 19 231 -0.0134439841043921 0.875844854316934 250
"795" 17 20 347 0.0630230164917923 -0.0119632658129087 350
"796" 17 21 463 -0.23594622038296 0.564470869169337 450
"797" 17 22 579 -0.067069933001472 0.378703764277304 550
"798" 17 23 695 0.215378950868405 0.602316669257212 650
"799" 17 24 811 0.576712165247949 0.0224541609117515 850
"800" 17 25 927 0.622736929416107 0.603064863341938 950
"801" 17 26 1043 0.429150075758114 0.223438053468386 1050
"802" 17 27 1159 0.473382057849745 0.142411619483821 1150
"803" 17 28 1275 0.0383524046094809 0.15247849359944 1250
"804" 17 29 1390 0.00922889794129935 0.153215946518031 1350
"805" 17 30 1506 0.140513811894192 0.073103972928453 1550
"806" 17 31 1622 0.482912922640021 -0.391390648934362 1650
"807" 17 32 1738 0.671212556534125 -0.569028351960224 1750
"808" 17 33 1912 0.325775972563125 -0.0280779733860749 1950
"809" 17 34 2144 -0.427265654729301 -0.0495870204474965 2150
"810" 17 35 2376 0.135474939568938 0.176390095744713 2350
"811" 17 36 2608 -1 -1 2650
"812" 17 37 2839 0.89924018261199 -0.568092588435156 2850
"813" 17 38 3071 -0.516668784080644 -0.547046721383365 3050
"814" 17 39 3303 -0.489056919557865 -0.0027427977984419 3350
"815" 17 40 3535 -0.995574517011668 0.944803757733253 3550
"816" 17 41 3767 0.0338205679887036 0.424880636784564 3750
"817" 17 42 3998 0.190515006811793 -0.166300189150963 3950
"818" 17 43 4230 0.556341120888212 0.944400375743618 4250
"819" 17 44 4462 -1 1 4450
"820" 17 45 4694 -0.972355291441314 0.660545629817067 4650
"821" 17 46 4926 -0.708687039117893 0.585158528507219 4950
"822" 17 47 5158 NA NA 5150
"823" 17 48 5389 -1 1 5350
"824" 17 49 5621 -1 1 5650
"825" 17 50 5853 -1 1 5850
"826" 17 51 6085 -1 1 6050
"827" 17 52 6317 NA NA 6350
"828" 17 53 6549 NA NA 6550
"829" 17 54 6780 NA NA 6750
"830" 17 55 7012 1 -1 7050
"831" 17 56 7244 NA NA 7250
"832" 17 57 7708 NA NA 7750
"833" 17 58 7939 NA NA 7950
"834" 18 19 116 0.693164106674717 0.82081008452114 150
"835" 18 20 232 -0.0398383087686704 0.946404046605376 250
"836" 18 21 348 -0.379414145968415 0.933733083579485 350
"837" 18 22 464 -0.481460099714622 0.898972345459473 450
"838" 18 23 580 -0.351194117604629 0.958251780596325 550
"839" 18 24 696 -0.131893706046391 0.628571503230758 650
"840" 18 25 812 0.691548025272918 0.553081564730219 850
"841" 18 26 928 -0.286558042092186 0.613478736983635 950
"842" 18 27 1044 -0.265908207164624 0.749328957218877 1050
"843" 18 28 1160 -1 1 1150
"844" 18 29 1275 -0.188047693153415 0.0439248251545964 1250
"845" 18 30 1391 0.692818240965964 -0.269063277192061 1350
"846" 18 31 1507 0.575516997649441 -0.822696720080234 1550
"847" 18 32 1623 0.0462970559132731 -0.813035775070369 1650
"848" 18 33 1797 -0.0648154181321319 -0.911302895893857 1750
"849" 18 34 2029 -0.969698227450952 0.28176949818146 2050
"850" 18 35 2261 -0.650594348729838 0.530624107193945 2250
"851" 18 36 2493 -1 -1 2450
"852" 18 37 2724 -0.853812241260455 0.282940732724474 2750
"853" 18 38 2956 -0.569907639935466 -0.42128373853421 2950
"854" 18 39 3188 -0.811579364368889 -0.866294864020605 3150
"855" 18 40 3420 NA NA 3450
"856" 18 41 3652 -0.670440014177691 0.241791048450047 3650
"857" 18 42 3883 -0.904097229264048 -0.778733355710985 3850
"858" 18 43 4115 -0.429369812971523 -0.0548967748833188 4150
"859" 18 44 4347 -1 -1 4350
"860" 18 45 4579 -0.620533858321374 -0.369823212016441 4550
"861" 18 46 4811 -0.993108339157241 -0.457594964562708 4850
"862" 18 47 5043 NA NA 5050
"863" 18 48 5274 -1 -1 5250
"864" 18 49 5506 -1 -1 5550
"865" 18 50 5738 -1 -1 5750
"866" 18 51 5970 -1 -1 5950
"867" 18 52 6202 NA NA 6250
"868" 18 53 6434 NA NA 6450
"869" 18 54 6665 NA NA 6650
"870" 18 55 6897 -1 -1 6850
"871" 18 56 7129 NA NA 7150
"872" 18 57 7593 NA NA 7550
"873" 18 58 7824 NA NA 7850
"874" 19 20 116 0.750234410443178 0.953695649680694 150
"875" 19 21 232 -0.0904646646029607 0.796939154567762 250
"876" 19 22 348 -0.163420596812023 0.551247240781124 350
"877" 19 23 464 -0.122336947647195 0.673203098352003 450
"878" 19 24 580 -0.556606341737152 0.0239317562819073 550
"879" 19 25 696 0.186888095880222 0.391814652862436 650
"880" 19 26 812 -0.67939634228983 0.18141671132866 850
"881" 19 27 928 -0.619891127303308 0.253826886852806 950
"882" 19 28 1044 -1 -1 1050
"883" 19 29 1159 0.231594057845178 0.0419564569714804 1150
"884" 19 30 1275 0.921037173852814 0.272685556300046 1250
"885" 19 31 1391 0.118574220951231 -0.445396791491527 1350
"886" 19 32 1507 -0.161246390721934 -0.772379842001951 1550
"887" 19 33 1681 0.18002124028713 -0.243547561541908 1650
"888" 19 34 1913 0.481236465408944 -0.334525451021394 1950
"889" 19 35 2145 -0.736485782457391 0.506837569089023 2150
"890" 19 36 2377 NA NA 2350
"891" 19 37 2608 -1 -1 2650
"892" 19 38 2840 -0.339939220233815 -0.428459394929198 2850
"893" 19 39 3072 -0.351203290910493 -0.842125488838792 3050
"894" 19 40 3304 -0.470071821420057 -0.525192047730181 3350
"895" 19 41 3536 -0.815462031109271 0.97185233839859 3550
"896" 19 42 3767 -1 -1 3750
"897" 19 43 3999 -0.670296078411001 0.729254791421816 3950
"898" 19 44 4231 -1 1 4250
"899" 19 45 4463 0.00795355275267276 0.375229049306036 4450
"900" 19 46 4695 -0.847304496722123 0.284202120326123 4650
"901" 19 47 4927 NA NA 4950
"902" 19 48 5158 -1 1 5150
"903" 19 49 5390 -1 1 5350
"904" 19 50 5622 -1 1 5650
"905" 19 51 5854 -1 1 5850
"906" 19 52 6086 NA NA 6050
"907" 19 53 6318 NA NA 6350
"908" 19 54 6549 NA NA 6550
"909" 19 55 6781 -1 -1 6750
"910" 19 56 7013 NA NA 7050
"911" 19 57 7477 NA NA 7450
"912" 19 58 7708 NA NA 7750
"913" 20 21 116 0.679108526709003 0.928852316286437 150
"914" 20 22 232 0.198343998113904 0.838550393437568 250
"915" 20 23 348 0.255450088001649 0.777020159436943 350
"916" 20 24 464 -0.0691278894236485 0.510710405744188 450
"917" 20 25 580 0.209271159178526 -0.477880946235996 550
"918" 20 26 696 0.137757629223807 0.348882102941619 650
"919" 20 27 812 -0.187828993916186 0.55816035260016 850
"920" 20 28 928 -1 1 950
"921" 20 29 1043 0.245116878918871 -0.303839810303485 1050
"922" 20 30 1159 0.784313650954554 -0.544282781934594 1150
"923" 20 31 1275 0.264368540127929 -0.787679438014694 1250
"924" 20 32 1391 0.461666607539877 -0.710593281945397 1350
"925" 20 33 1565 -0.950564304130152 -0.535834649405212 1550
"926" 20 34 1797 0.334491894164263 -0.442158995997134 1750
"927" 20 35 2029 0.730863751532397 0.0915489307261011 2050
"928" 20 36 2261 NA NA 2250
"929" 20 37 2492 1 1 2450
"930" 20 38 2724 -0.363418089583903 0.550260340550327 2750
"931" 20 39 2956 0.880588495408458 -0.890005289952828 2950
"932" 20 40 3188 0.376888138471041 -0.552314439910426 3150
"933" 20 41 3420 -0.561944288027234 0.487038514682719 3450
"934" 20 42 3651 -0.779472136465225 -0.495101093544465 3650
"935" 20 43 3883 -1 -1 3850
"936" 20 44 4115 NA NA 4150
"937" 20 45 4347 -1 -1 4350
"938" 20 46 4579 1 -1 4550
"939" 20 47 4811 NA NA 4850
"940" 20 48 5042 NA NA 5050
"941" 20 49 5274 NA NA 5250
"942" 20 50 5506 NA NA 5550
"943" 20 51 5738 NA NA 5750
"944" 20 52 5970 NA NA 5950
"945" 20 53 6202 NA NA 6250
"946" 20 54 6433 NA NA 6450
"947" 20 55 6665 1 -1 6650
"948" 20 56 6897 NA NA 6850
"949" 20 57 7361 NA NA 7350
"950" 20 58 7592 NA NA 7550
"951" 21 22 116 0.97769853213121 0.943600152914554 150
"952" 21 23 232 0.701771225831653 0.917808730260496 250
"953" 21 24 348 0.0744529636543497 0.613350507024901 350
"954" 21 25 464 -0.00502723796655548 0.590252820533958 450
"955" 21 26 580 0.457290795464123 0.660461248794385 550
"956" 21 27 696 0.207084178801983 0.747751446687958 650
"957" 21 28 812 1 1 850
"958" 21 29 927 0.100598349166977 0.0250148977725243 950
"959" 21 30 1043 0.3292796654376 -0.0916415866436287 1050
"960" 21 31 1159 -0.0630175817057495 -0.746061745708593 1150
"961" 21 32 1275 -0.625404208301295 -0.657950511798936 1250
"962" 21 33 1449 -0.366938241599133 -0.552623991712868 1450
"963" 21 34 1681 0.45416336437912 -0.308760042474564 1650
"964" 21 35 1913 0.187132599189876 0.19845947611811 1950
"965" 21 36 2145 -1 -1 2150
"966" 21 37 2376 0.465377487546774 0.27540523785442 2350
"967" 21 38 2608 -0.284017759568212 -0.475808059032033 2650
"968" 21 39 2840 0.40696619392497 -0.42867833089287 2850
"969" 21 40 3072 1 1 3050
"970" 21 41 3304 -0.128078686442169 0.615122369202104 3350
"971" 21 42 3535 0.0229579572612265 -0.0307556494502432 3550
"972" 21 43 3767 0.483184729109778 0.11477456936155 3750
"973" 21 44 3999 0.999771143512472 -0.363426046634357 3950
"974" 21 45 4231 0.932975628487467 -0.331539032365408 4250
"975" 21 46 4463 0.967781374999258 -0.526592712639394 4450
"976" 21 47 4695 1 1 4650
"977" 21 48 4926 1 -1 4950
"978" 21 49 5158 1 -1 5150
"979" 21 50 5390 1 -1 5350
"980" 21 51 5622 1 -1 5650
"981" 21 52 5854 1 -1 5850
"982" 21 53 6086 1 -1 6050
"983" 21 54 6317 1 1 6350
"984" 21 55 6549 0.7078813205398 0.225538617671909 6550
"985" 21 56 6781 1 1 6750
"986" 21 57 7245 NA NA 7250
"987" 21 58 7476 NA NA 7450
"988" 22 23 116 0.960309390707589 0.945733585669625 150
"989" 22 24 232 0.660416876415447 0.805410753874731 250
"990" 22 25 348 0.227023363872668 0.675442914540894 350
"991" 22 26 464 0.482218668150195 0.749936974097845 450
"992" 22 27 580 0.861342138892115 0.897435230891952 550
"993" 22 28 696 0.99999759342811 0.0381473545409183 650
"994" 22 29 811 0.148194367661495 0.00158034109139212 850
"995" 22 30 927 -0.989264373350718 -0.341200975556291 950
"996" 22 31 1043 0.0521855547266601 -0.860419079462756 1050
"997" 22 32 1159 -0.500304770842423 -0.562602351851057 1150
"998" 22 33 1333 0.629902005071829 -0.00463100861883371 1350
"999" 22 34 1565 -0.00903629112178773 -0.267760533125022 1550
"1000" 22 35 1797 0.454086875173781 0.292104205058298 1750
"1001" 22 36 2029 -1 -1 2050
"1002" 22 37 2260 0.82958928543161 0.930739201397469 2250
"1003" 22 38 2492 -0.277875052410733 -0.154016256284342 2450
"1004" 22 39 2724 0.499979423500833 -0.37933687074584 2750
"1005" 22 40 2956 1 1 2950
"1006" 22 41 3188 0.0916868474756074 0.516640466922714 3150
"1007" 22 42 3419 0.266381640991551 0.0360261602733856 3450
"1008" 22 43 3651 0.673025893778962 -0.16417739722545 3650
"1009" 22 44 3883 0.99925958635969 -0.620150035076806 3850
"1010" 22 45 4115 0.933834751589 -0.601625184285029 4150
"1011" 22 46 4347 0.969053325312214 -0.780020190398099 4350
"1012" 22 47 4579 1 1 4550
"1013" 22 48 4810 1 -1 4850
"1014" 22 49 5042 1 -1 5050
"1015" 22 50 5274 1 -1 5250
"1016" 22 51 5506 1 -1 5550
"1017" 22 52 5738 1 -1 5750
"1018" 22 53 5970 1 -1 5950
"1019" 22 54 6201 1 1 6250
"1020" 22 55 6433 0.712785600494262 0.413407879054498 6450
"1021" 22 56 6665 1 1 6650
"1022" 22 57 7129 NA NA 7150
"1023" 22 58 7360 NA NA 7350
"1024" 23 24 116 0.863779604589136 0.763778512886665 150
"1025" 23 25 232 0.48946280000275 0.561792870095571 250
"1026" 23 26 348 0.61510219482451 0.63556842043461 350
"1027" 23 27 464 0.892170686202554 0.80267572030966 450
"1028" 23 28 580 0.639961678247683 -0.152600639158486 550
"1029" 23 29 695 0.0951345449330731 -0.133829182590102 650
"1030" 23 30 811 -0.843021914753119 -0.39879077136154 850
"1031" 23 31 927 0.466889139931353 -0.848766093184118 950
"1032" 23 32 1043 0.0127849480346315 -0.694625793165205 1050
"1033" 23 33 1217 0.59792167800633 -0.0632808831396615 1250
"1034" 23 34 1449 -0.621167543823487 -0.00533617114096938 1450
"1035" 23 35 1681 0.788798305576742 0.450226759716028 1650
"1036" 23 36 1913 -1 -1 1950
"1037" 23 37 2144 0.956890857073143 0.296053034205247 2150
"1038" 23 38 2376 -0.590757396933559 -0.270305088085784 2350
"1039" 23 39 2608 0.290621241690226 -0.590481678893261 2650
"1040" 23 40 2840 1 1 2850
"1041" 23 41 3072 0.167605196324751 0.607049692960875 3050
"1042" 23 42 3303 0.269538289903361 0.228872370200102 3350
"1043" 23 43 3535 0.817176313349865 -0.0374362248693845 3550
"1044" 23 44 3767 0.999028353695455 -0.442666181121879 3750
"1045" 23 45 3999 0.819506046125011 -0.420866549238564 3950
"1046" 23 46 4231 0.882058696088634 -0.623045962163837 4250
"1047" 23 47 4463 1 1 4450
"1048" 23 48 4694 1 -1 4650
"1049" 23 49 4926 1 -1 4950
"1050" 23 50 5158 1 -1 5150
"1051" 23 51 5390 1 -1 5350
"1052" 23 52 5622 1 -1 5650
"1053" 23 53 5854 1 -1 5850
"1054" 23 54 6085 1 1 6050
"1055" 23 55 6317 0.879352604240195 0.359623708781174 6350
"1056" 23 56 6549 1 1 6550
"1057" 23 57 7013 NA NA 7050
"1058" 23 58 7244 NA NA 7250
"1059" 24 25 116 0.98345287931607 0.491337922940135 150
"1060" 24 26 232 0.945948836771823 0.757520943363526 250
"1061" 24 27 348 0.931341771415505 0.943048052676768 350
"1062" 24 28 464 0.533220200999208 -0.96807459975777 450
"1063" 24 29 579 -0.3894109776745 -0.0465606125083704 550
"1064" 24 30 695 -0.687766200315563 -0.679328136156308 650
"1065" 24 31 811 0.137848736836115 -0.780230028614027 850
"1066" 24 32 927 0.495648272999311 -0.961553994217076 950
"1067" 24 33 1101 0.53299874748279 -0.125690814026026 1150
"1068" 24 34 1333 -0.711292761275151 -0.323233760411819 1350
"1069" 24 35 1565 0.971829708759518 0.520232530952035 1550
"1070" 24 36 1797 NA NA 1750
"1071" 24 37 2028 0.995055691680109 0.126192241951035 2050
"1072" 24 38 2260 -0.903296719158683 -0.796741315447109 2250
"1073" 24 39 2492 -0.22005020159415 -0.138219100252678 2450
"1074" 24 40 2724 -1 1 2750
"1075" 24 41 2956 0.576096107219655 -0.0382731718187017 2950
"1076" 24 42 3187 0.350813470339506 -0.751553809802106 3150
"1077" 24 43 3419 0.971370569009447 -0.780018747294592 3450
"1078" 24 44 3651 1 -1 3650
"1079" 24 45 3883 -0.66209735693999 -0.998121991389918 3850
"1080" 24 46 4115 0.290958932379805 -0.999381466109452 4150
"1081" 24 47 4347 NA NA 4350
"1082" 24 48 4578 1 -1 4550
"1083" 24 49 4810 1 -1 4850
"1084" 24 50 5042 1 -1 5050
"1085" 24 51 5274 1 -1 5250
"1086" 24 52 5506 NA NA 5550
"1087" 24 53 5738 NA NA 5750
"1088" 24 54 5969 NA NA 5950
"1089" 24 55 6201 1 -1 6250
"1090" 24 56 6433 NA NA 6450
"1091" 24 57 6897 NA NA 6850
"1092" 24 58 7128 NA NA 7150
"1093" 25 26 116 0.878994080128216 0.937225822510654 150
"1094" 25 27 232 0.754657994097189 0.910558978535074 250
"1095" 25 28 348 0.410510501536997 0.30431470989914 350
"1096" 25 29 463 -0.60659471933008 0.804255205754342 450
"1097" 25 30 579 -0.111643301998535 0.976168323305 550
"1098" 25 31 695 0.515793319106197 -0.0205900900063308 650
"1099" 25 32 811 0.159926039128095 0.253387475179659 850
"1100" 25 33 985 0.75905396492838 0.00999519638472141 950
"1101" 25 34 1217 -0.828031220975466 0.419568554782416 1250
"1102" 25 35 1449 0.997444209913442 0.90623875706511 1450
"1103" 25 36 1681 NA NA 1650
"1104" 25 37 1912 1 -1 1950
"1105" 25 38 2144 -0.978245198406632 -0.47920419043376 2150
"1106" 25 39 2376 -0.802993855905461 -0.185072750435413 2350
"1107" 25 40 2608 -1 1 2650
"1108" 25 41 2840 -0.476504856129324 0.256805640318278 2850
"1109" 25 42 3071 -1 -1 3050
"1110" 25 43 3303 1 1 3350
"1111" 25 44 3535 NA NA 3550
"1112" 25 45 3767 -1 1 3750
"1113" 25 46 3999 -1 1 3950
"1114" 25 47 4231 NA NA 4250
"1115" 25 48 4462 NA NA 4450
"1116" 25 49 4694 NA NA 4650
"1117" 25 50 4926 NA NA 4950
"1118" 25 51 5158 NA NA 5150
"1119" 25 52 5390 NA NA 5350
"1120" 25 53 5622 NA NA 5650
"1121" 25 54 5853 NA NA 5850
"1122" 25 55 6085 NA NA 6050
"1123" 25 56 6317 NA NA 6350
"1124" 25 57 6781 NA NA 6750
"1125" 25 58 7012 NA NA 7050
"1126" 26 27 116 0.955978678685967 0.906667135266981 150
"1127" 26 28 232 -0.00664673104953745 0.320342854564623 250
"1128" 26 29 347 -0.12849327018781 0.595352751251347 350
"1129" 26 30 463 -0.844163503629297 0.0135278662881291 450
"1130" 26 31 579 -0.0402815215818089 -0.419945611133274 550
"1131" 26 32 695 0.249140781906579 -0.322273779396735 650
"1132" 26 33 869 -0.26278112019832 -0.0792536915331642 850
"1133" 26 34 1101 -0.940104611730286 0.37180036569977 1150
"1134" 26 35 1333 0.999450614830204 0.50108390147459 1350
"1135" 26 36 1565 NA NA 1550
"1136" 26 37 1796 1 1 1750
"1137" 26 38 2028 -0.940334968038286 -0.454484473288921 2050
"1138" 26 39 2260 -0.156265850322544 0.349433853014695 2250
"1139" 26 40 2492 -1 1 2450
"1140" 26 41 2724 0.418739027972398 0.14017300760502 2750
"1141" 26 42 2955 0.122201999262999 -0.818745088379916 2950
"1142" 26 43 3187 0.844289207539236 -0.220073585994266 3150
"1143" 26 44 3419 1 -1 3450
"1144" 26 45 3651 -0.440565195457118 -0.96480916122127 3650
"1145" 26 46 3883 0.533399762798513 -0.934995690546121 3850
"1146" 26 47 4115 NA NA 4150
"1147" 26 48 4346 1 -1 4350
"1148" 26 49 4578 1 -1 4550
"1149" 26 50 4810 1 -1 4850
"1150" 26 51 5042 1 -1 5050
"1151" 26 52 5274 NA NA 5250
"1152" 26 53 5506 NA NA 5550
"1153" 26 54 5737 NA NA 5750
"1154" 26 55 5969 1 -1 5950
"1155" 26 56 6201 NA NA 6250
"1156" 26 57 6665 NA NA 6650
"1157" 26 58 6896 NA NA 6850
"1158" 27 28 116 0.638733796730415 -0.00968768349773975 150
"1159" 27 29 231 -0.109977739494043 0.249570193928749 250
"1160" 27 30 347 -0.812585791611449 -0.448146198639725 350
"1161" 27 31 463 0.23138475032848 -0.725063354577913 450
"1162" 27 32 579 0.635060868393091 -0.911463125125343 550
"1163" 27 33 753 0.344906410321992 -0.213869204622434 750
"1164" 27 34 985 -0.644851595152382 0.161919034978983 950
"1165" 27 35 1217 0.974158421045077 0.513752193989369 1250
"1166" 27 36 1449 NA NA 1450
"1167" 27 37 1680 0.998409918918352 0.360256740396209 1650
"1168" 27 38 1912 -0.663868944860041 -0.719331825311881 1950
"1169" 27 39 2144 -0.0135210904052509 -0.525929944395339 2150
"1170" 27 40 2376 0.674951297215543 -0.2656084002651 2350
"1171" 27 41 2608 0.470844904534603 0.0696020345491989 2650
"1172" 27 42 2839 0.187345658611019 -0.77860176492542 2850
"1173" 27 43 3071 0.881832074828574 -0.546194421917922 3050
"1174" 27 44 3303 1 -1 3350
"1175" 27 45 3535 -0.411188139412137 -0.984718066272786 3550
"1176" 27 46 3767 0.560579837664282 -0.996914265002279 3750
"1177" 27 47 3999 NA NA 3950
"1178" 27 48 4230 1 -1 4250
"1179" 27 49 4462 1 -1 4450
"1180" 27 50 4694 1 -1 4650
"1181" 27 51 4926 1 -1 4950
"1182" 27 52 5158 NA NA 5150
"1183" 27 53 5390 NA NA 5350
"1184" 27 54 5621 NA NA 5650
"1185" 27 55 5853 1 -1 5850
"1186" 27 56 6085 NA NA 6050
"1187" 27 57 6549 NA NA 6550
"1188" 27 58 6780 NA NA 6750
"1189" 28 29 115 -1 1 150
"1190" 28 30 231 NA NA 250
"1191" 28 31 347 0.233632372410409 -0.0976633289560067 350
"1192" 28 32 463 NA NA 450
"1193" 28 33 637 0.962372303895363 -0.878705419142555 650
"1194" 28 34 869 0.17858493455662 0.899346729236391 850
"1195" 28 35 1101 NA NA 1150
"1196" 28 36 1333 NA NA 1350
"1197" 28 37 1564 NA NA 1550
"1198" 28 38 1796 -0.210193657637854 0.679534255881073 1750
"1199" 28 39 2028 NA NA 2050
"1200" 28 40 2260 NA NA 2250
"1201" 28 41 2492 1 -1 2450
"1202" 28 42 2723 NA NA 2750
"1203" 28 43 2955 NA NA 2950
"1204" 28 44 3187 NA NA 3150
"1205" 28 45 3419 NA NA 3450
"1206" 28 46 3651 NA NA 3650
"1207" 28 47 3883 NA NA 3850
"1208" 28 48 4114 NA NA 4150
"1209" 28 49 4346 NA NA 4350
"1210" 28 50 4578 NA NA 4550
"1211" 28 51 4810 NA NA 4850
"1212" 28 52 5042 NA NA 5050
"1213" 28 53 5274 NA NA 5250
"1214" 28 54 5505 NA NA 5550
"1215" 28 55 5737 NA NA 5750
"1216" 28 56 5969 NA NA 5950
"1217" 28 57 6433 NA NA 6450
"1218" 28 58 6664 NA NA 6650
"1219" 29 30 116 0.426342566932245 0.874227115692311 150
"1220" 29 31 232 0.452365653739505 0.304610405132447 250
"1221" 29 32 348 0.337302501153948 0.107805652482092 350
"1222" 29 33 522 -0.528306865763663 -0.647610112020805 550
"1223" 29 34 754 -0.998305709652342 0.728918515883022 750
"1224" 29 35 986 0.989945049872011 0.985197161489147 950
"1225" 29 36 1218 NA NA 1250
"1226" 29 37 1449 1 1 1450
"1227" 29 38 1681 -0.999266662047141 0.172037712938497 1650
"1228" 29 39 1913 0.816079692483962 0.632139150307467 1950
"1229" 29 40 2145 NA NA 2150
"1230" 29 41 2377 0.14516846577001 -0.0942510092826548 2350
"1231" 29 42 2608 -0.0525452778155798 -0.965849230816201 2650
"1232" 29 43 2840 0.999996917100849 0.922013388328409 2850
"1233" 29 44 3072 1 1 3050
"1234" 29 45 3304 0.950211569364627 0.714282514189956 3350
"1235" 29 46 3536 0.232912246240401 0.778371783260688 3550
"1236" 29 47 3768 NA NA 3750
"1237" 29 48 3999 1 1 3950
"1238" 29 49 4231 1 1 4250
"1239" 29 50 4463 1 1 4450
"1240" 29 51 4695 1 1 4650
"1241" 29 52 4927 NA NA 4950
"1242" 29 53 5159 NA NA 5150
"1243" 29 54 5390 NA NA 5350
"1244" 29 55 5622 -1 1 5650
"1245" 29 56 5854 NA NA 5850
"1246" 29 57 6318 NA NA 6350
"1247" 29 58 6549 NA NA 6550
"1248" 30 31 116 0.941693854558856 0.740169665399227 150
"1249" 30 32 232 -1 1 250
"1250" 30 33 406 1 1 450
"1251" 30 34 638 0.909322454086233 0.422476236357595 650
"1252" 30 35 870 0.840254172584048 0.411655151609358 850
"1253" 30 36 1102 NA NA 1150
"1254" 30 37 1333 NA NA 1350
"1255" 30 38 1565 -1 -1 1550
"1256" 30 39 1797 0.542675507859113 -0.31177193698712 1750
"1257" 30 40 2029 1 -1 2050
"1258" 30 41 2261 -0.538526812261528 0.585204187984644 2250
"1259" 30 42 2492 -1 1 2450
"1260" 30 43 2724 -0.342680303766717 0.998954745090123 2750
"1261" 30 44 2956 -1 1 2950
"1262" 30 45 3188 0.0657543408969697 0.965679257723979 3150
"1263" 30 46 3420 -0.815180712525519 0.986207199918541 3450
"1264" 30 47 3652 NA NA 3650
"1265" 30 48 3883 -1 1 3850
"1266" 30 49 4115 -1 1 4150
"1267" 30 50 4347 -1 1 4350
"1268" 30 51 4579 -1 1 4550
"1269" 30 52 4811 NA NA 4850
"1270" 30 53 5043 NA NA 5050
"1271" 30 54 5274 NA NA 5250
"1272" 30 55 5506 -1 1 5550
"1273" 30 56 5738 NA NA 5750
"1274" 30 57 6202 NA NA 6250
"1275" 30 58 6433 NA NA 6450
"1276" 31 32 116 0.812756652749386 0.986729597825226 150
"1277" 31 33 290 0.553678914593496 0.512186130832311 250
"1278" 31 34 522 0.0951058071112209 0.536039480003066 550
"1279" 31 35 754 0.553562070567797 -0.519453662756792 750
"1280" 31 36 986 NA NA 950
"1281" 31 37 1217 0.983937171876582 0.0588323542916409 1250
"1282" 31 38 1449 -0.989408168807362 -0.633766546478576 1450
"1283" 31 39 1681 0.144267853117619 0.116826903002919 1650
"1284" 31 40 1913 0.637252689908549 0.245988554194693 1950
"1285" 31 41 2145 -0.695854528343402 -0.0266279385447652 2150
"1286" 31 42 2376 -0.96480458220141 0.746626839766135 2350
"1287" 31 43 2608 -0.791287041806121 0.488209631737764 2650
"1288" 31 44 2840 -1 1 2850
"1289" 31 45 3072 -0.14616177820418 0.812148313538172 3050
"1290" 31 46 3304 -0.918997507262365 0.864570257506783 3350
"1291" 31 47 3536 NA NA 3550
"1292" 31 48 3767 -1 1 3750
"1293" 31 49 3999 -1 1 3950
"1294" 31 50 4231 -1 1 4250
"1295" 31 51 4463 -1 1 4450
"1296" 31 52 4695 NA NA 4650
"1297" 31 53 4927 NA NA 4950
"1298" 31 54 5158 NA NA 5150
"1299" 31 55 5390 -1 1 5350
"1300" 31 56 5622 NA NA 5650
"1301" 31 57 6086 NA NA 6050
"1302" 31 58 6317 NA NA 6350
"1303" 32 33 174 0.770500856267131 0.944473582087879 150
"1304" 32 34 406 NA NA 450
"1305" 32 35 638 0.971767027707513 -0.847978516558754 650
"1306" 32 36 870 NA NA 850
"1307" 32 37 1101 0.941129097871151 -0.127991772193491 1150
"1308" 32 38 1333 NA NA 1350
"1309" 32 39 1565 0.825424987187723 0.682155602175524 1550
"1310" 32 40 1797 1 1 1750
"1311" 32 41 2029 1 1 2050
"1312" 32 42 2260 -1 1 2250
"1313" 32 43 2492 -1 1 2450
"1314" 32 44 2724 NA NA 2750
"1315" 32 45 2956 -1 1 2950
"1316" 32 46 3188 1 1 3150
"1317" 32 47 3420 NA NA 3450
"1318" 32 48 3651 NA NA 3650
"1319" 32 49 3883 NA NA 3850
"1320" 32 50 4115 NA NA 4150
"1321" 32 51 4347 NA NA 4350
"1322" 32 52 4579 NA NA 4550
"1323" 32 53 4811 NA NA 4850
"1324" 32 54 5042 NA NA 5050
"1325" 32 55 5274 1 1 5250
"1326" 32 56 5506 NA NA 5550
"1327" 32 57 5970 NA NA 5950
"1328" 32 58 6201 NA NA 6250
"1329" 33 34 232 0.879372633835884 -0.43282370707068 250
"1330" 33 35 464 0.650457234457587 0.0889963584917796 450
"1331" 33 36 696 -0.335023011958309 -0.418719967644195 650
"1332" 33 37 927 0.533657795221124 -0.399701405341229 950
"1333" 33 38 1159 -0.364981184774476 -0.703744295505228 1150
"1334" 33 39 1391 -0.378266254811789 -0.580381544035241 1350
"1335" 33 40 1623 NA NA 1650
"1336" 33 41 1855 -0.560326532245478 -0.115579495519084 1850
"1337" 33 42 2086 -0.0291702963812511 -0.212994958114413 2050
"1338" 33 43 2318 -0.463149120276235 -0.235603947965941 2350
"1339" 33 44 2550 -0.0572699569354091 -0.0243448883461038 2550
"1340" 33 45 2782 0.467572871016363 0.00639968158452958 2750
"1341" 33 46 3014 0.481374308131078 0.0153380311632651 3050
"1342" 33 47 3246 1 1 3250
"1343" 33 48 3477 -1 1 3450
"1344" 33 49 3709 -1 1 3750
"1345" 33 50 3941 -1 1 3950
"1346" 33 51 4173 -1 1 4150
"1347" 33 52 4405 1 1 4450
"1348" 33 53 4637 1 1 4650
"1349" 33 54 4868 0.00109885102129586 -0.975933865064844 4850
"1350" 33 55 5100 -0.138420738054977 -0.904838151296025 5150
"1351" 33 56 5332 -0.167500101999331 -0.638978354211014 5350
"1352" 33 57 5796 NA NA 5750
"1353" 33 58 6027 NA NA 6050
"1354" 34 35 232 0.655354237478168 0.67525175799313 250
"1355" 34 36 464 -1 -1 450
"1356" 34 37 695 1 1 650
"1357" 34 38 927 0.297383079527711 0.164826023759804 950
"1358" 34 39 1159 -0.363252557178562 -0.960103359233671 1150
"1359" 34 40 1391 1 -1 1350
"1360" 34 41 1623 -0.457657018757616 -0.711958072516386 1650
"1361" 34 42 1854 -0.220970182087292 -0.715868547512239 1850
"1362" 34 43 2086 -0.962769105876836 -0.66841252351772 2050
"1363" 34 44 2318 -1 1 2350
"1364" 34 45 2550 1 1 2550
"1365" 34 46 2782 1 1 2750
"1366" 34 47 3014 NA NA 3050
"1367" 34 48 3245 NA NA 3250
"1368" 34 49 3477 NA NA 3450
"1369" 34 50 3709 NA NA 3750
"1370" 34 51 3941 NA NA 3950
"1371" 34 52 4173 NA NA 4150
"1372" 34 53 4405 NA NA 4450
"1373" 34 54 4636 NA NA 4650
"1374" 34 55 4868 NA NA 4850
"1375" 34 56 5100 NA NA 5150
"1376" 34 57 5564 NA NA 5550
"1377" 34 58 5795 NA NA 5750
"1378" 35 36 232 1 -1 250
"1379" 35 37 463 0.614218082185533 0.209616194578547 450
"1380" 35 38 695 -0.415628082380181 -0.0907015439786066 650
"1381" 35 39 927 0.710850396956208 -0.430873184939316 950
"1382" 35 40 1159 NA NA 1150
"1383" 35 41 1391 0.02515949159748 -0.632534266177042 1350
"1384" 35 42 1622 -0.107437720402734 -0.52537289625516 1650
"1385" 35 43 1854 -0.00973716978941386 -0.878292684919171 1850
"1386" 35 44 2086 0.354080279813998 -0.957067697484322 2050
"1387" 35 45 2318 0.658465593451037 -0.950773002877762 2350
"1388" 35 46 2550 0.702814493929286 -0.847669547314307 2550
"1389" 35 47 2782 NA NA 2750
"1390" 35 48 3013 NA NA 3050
"1391" 35 49 3245 NA NA 3250
"1392" 35 50 3477 NA NA 3450
"1393" 35 51 3709 NA NA 3750
"1394" 35 52 3941 1 -1 3950
"1395" 35 53 4173 1 -1 4150
"1396" 35 54 4404 0.448786479914562 -0.679392953746593 4450
"1397" 35 55 4636 0.319727092167202 -0.502917747800287 4650
"1398" 35 56 4868 0.29171054186188 -0.0890231409380641 4850
"1399" 35 57 5332 NA NA 5350
"1400" 35 58 5563 NA NA 5550
"1401" 36 37 231 1 1 250
"1402" 36 38 463 0.726980334905863 0.874761054264632 450
"1403" 36 39 695 0.159285998233111 0.995052967534052 650
"1404" 36 40 927 NA NA 950
"1405" 36 41 1159 0.15166701613941 0.494244782878051 1150
"1406" 36 42 1390 -1 1 1350
"1407" 36 43 1622 -0.576727724885992 0.155338727966208 1650
"1408" 36 44 1854 -0.820753339683648 -0.31681960061335 1850
"1409" 36 45 2086 -0.994063922717181 -0.370878434975128 2050
"1410" 36 46 2318 -0.992052106983265 -0.751523168326093 2350
"1411" 36 47 2550 -1 -1 2550
"1412" 36 48 2781 NA NA 2750
"1413" 36 49 3013 NA NA 3050
"1414" 36 50 3245 NA NA 3250
"1415" 36 51 3477 NA NA 3450
"1416" 36 52 3709 NA NA 3750
"1417" 36 53 3941 NA NA 3950
"1418" 36 54 4172 -1 1 4150
"1419" 36 55 4404 -1 1 4450
"1420" 36 56 4636 -1 1 4650
"1421" 36 57 5100 NA NA 5150
"1422" 36 58 5331 NA NA 5350
"1423" 37 38 232 0.773834009531582 0.969148524862035 250
"1424" 37 39 464 -0.18470674304736 0.498884215885236 450
"1425" 37 40 696 NA NA 650
"1426" 37 41 928 -0.273034380197477 0.34121175685729 950
"1427" 37 42 1159 -0.15778171436613 0.250639800509806 1150
"1428" 37 43 1391 -0.377940517158243 0.313588352010517 1350
"1429" 37 44 1623 0.0252072272626708 -0.218730683432377 1650
"1430" 37 45 1855 0.37283050786387 -0.239162920878824 1850
"1431" 37 46 2087 0.428313576841042 -0.466781109903873 2050
"1432" 37 47 2319 NA NA 2350
"1433" 37 48 2550 NA NA 2550
"1434" 37 49 2782 NA NA 2750
"1435" 37 50 3014 NA NA 3050
"1436" 37 51 3246 NA NA 3250
"1437" 37 52 3478 1 -1 3450
"1438" 37 53 3710 1 -1 3750
"1439" 37 54 3941 0.128331482968207 0.781728709247453 3950
"1440" 37 55 4173 -0.0112788686793113 0.898963276544359 4150
"1441" 37 56 4405 -0.0406946409393496 0.999878799838475 4450
"1442" 37 57 4869 NA NA 4850
"1443" 37 58 5100 NA NA 5150
"1444" 38 39 232 0.782738813639017 0.919504778235419 250
"1445" 38 40 464 1 -1 450
"1446" 38 41 696 0.49447209492269 0.336621436457355 650
"1447" 38 42 927 0.704643965132817 0.633105510722245 950
"1448" 38 43 1159 -0.109656179041992 0.298644293961477 1150
"1449" 38 44 1391 -0.457434349237747 0.0505140071375244 1350
"1450" 38 45 1623 -0.929180344888659 -0.00704469675794121 1650
"1451" 38 46 1855 -0.935382049384545 -0.459522880426642 1850
"1452" 38 47 2087 -1 1 2050
"1453" 38 48 2318 NA NA 2350
"1454" 38 49 2550 NA NA 2550
"1455" 38 50 2782 NA NA 2750
"1456" 38 51 3014 NA NA 3050
"1457" 38 52 3246 NA NA 3250
"1458" 38 53 3478 NA NA 3450
"1459" 38 54 3709 -1 1 3750
"1460" 38 55 3941 -1 1 3950
"1461" 38 56 4173 -1 1 4150
"1462" 38 57 4637 NA NA 4650
"1463" 38 58 4868 NA NA 4850
"1464" 39 40 232 0.981150868017988 0.992086140610711 250
"1465" 39 41 464 0.997594195013918 0.385104750071185 450
"1466" 39 42 695 0.991294557508974 0.863610858951545 650
"1467" 39 43 927 0.705514241950738 0.296922339387306 950
"1468" 39 44 1159 0.635599080725272 0.0855955245388936 1150
"1469" 39 45 1391 0.432094796361604 0.0553175748184511 1350
"1470" 39 46 1623 0.40414791136366 0.081692754628495 1650
"1471" 39 47 1855 -1 -1 1850
"1472" 39 48 2086 1 -1 2050
"1473" 39 49 2318 1 -1 2350
"1474" 39 50 2550 1 -1 2550
"1475" 39 51 2782 1 -1 2750
"1476" 39 52 3014 1 1 3050
"1477" 39 53 3246 1 1 3250
"1478" 39 54 3477 0.960912605023403 0.922984102827561 3450
"1479" 39 55 3709 0.106621603920589 0.799616664516054 3750
"1480" 39 56 3941 0.993832064483772 0.495117501490663 3950
"1481" 39 57 4405 NA NA 4450
"1482" 39 58 4636 NA NA 4650
"1483" 40 41 232 NA NA 250
"1484" 40 42 463 NA NA 450
"1485" 40 43 695 NA NA 650
"1486" 40 44 927 NA NA 950
"1487" 40 45 1159 NA NA 1150
"1488" 40 46 1391 NA NA 1350
"1489" 40 47 1623 NA NA 1650
"1490" 40 48 1854 NA NA 1850
"1491" 40 49 2086 NA NA 2050
"1492" 40 50 2318 NA NA 2350
"1493" 40 51 2550 NA NA 2550
"1494" 40 52 2782 NA NA 2750
"1495" 40 53 3014 NA NA 3050
"1496" 40 54 3245 NA NA 3250
"1497" 40 55 3477 NA NA 3450
"1498" 40 56 3709 NA NA 3750
"1499" 40 57 4173 NA NA 4150
"1500" 40 58 4404 NA NA 4450
"1501" 41 42 231 0.93509054957616 0.844408698726815 250
"1502" 41 43 463 0.806276441560718 0.660947401364848 450
"1503" 41 44 695 0.617841203630404 0.28102396689531 650
"1504" 41 45 927 0.117469052834941 0.272290236580578 950
"1505" 41 46 1159 0.151546896878892 0.0396423750320978 1150
"1506" 41 47 1391 -1 1 1350
"1507" 41 48 1622 1 1 1650
"1508" 41 49 1854 1 1 1850
"1509" 41 50 2086 1 1 2050
"1510" 41 51 2318 1 1 2350
"1511" 41 52 2550 1 -1 2550
"1512" 41 53 2782 1 -1 2750
"1513" 41 54 3013 0.927461982099443 0.93005635302175 3050
"1514" 41 55 3245 0.970556982955233 0.987815247010684 3250
"1515" 41 56 3477 0.977223845680733 0.960622114981932 3450
"1516" 41 57 3941 NA NA 3950
"1517" 41 58 4172 NA NA 4150
"1518" 42 43 232 0.924444618343357 0.717445183224364 250
"1519" 42 44 464 0.952611954016628 0.314067510448146 450
"1520" 42 45 696 0.786340204889054 0.294071682562718 650
"1521" 42 46 928 0.747502606253176 0.0543135083966562 950
"1522" 42 47 1160 NA NA 1150
"1523" 42 48 1391 NA NA 1350
"1524" 42 49 1623 NA NA 1650
"1525" 42 50 1855 NA NA 1850
"1526" 42 51 2087 NA NA 2050
"1527" 42 52 2319 1 -1 2350
"1528" 42 53 2551 1 -1 2550
"1529" 42 54 2782 0.91609633368176 0.991118669223931 2750
"1530" 42 55 3014 0.96307491015305 0.996253569385507 3050
"1531" 42 56 3246 0.970579492157881 0.86561529891774 3250
"1532" 42 57 3710 NA NA 3750
"1533" 42 58 3941 NA NA 3950
"1534" 43 44 232 0.903641087870163 0.923040703941706 250
"1535" 43 45 464 0.565304986704244 0.918395067937622 450
"1536" 43 46 696 0.553561167165384 0.801074227015992 650
"1537" 43 47 928 1 1 950
"1538" 43 48 1159 1 1 1150
"1539" 43 49 1391 1 1 1350
"1540" 43 50 1623 1 1 1650
"1541" 43 51 1855 1 1 1850
"1542" 43 52 2087 1 1 2050
"1543" 43 53 2319 1 1 2350
"1544" 43 54 2550 0.869672830358944 0.837303739509312 2550
"1545" 43 55 2782 0.930033730192765 0.697834058676668 2750
"1546" 43 56 3014 0.94044310329212 0.328333781691233 3050
"1547" 43 57 3478 NA NA 3450
"1548" 43 58 3709 NA NA 3750
"1549" 44 45 232 0.8389263098194 0.999499969851863 250
"1550" 44 46 464 0.842870435442139 0.965790171898924 450
"1551" 44 47 696 1 1 650
"1552" 44 48 927 1 1 950
"1553" 44 49 1159 1 1 1150
"1554" 44 50 1391 1 1 1350
"1555" 44 51 1623 1 1 1650
"1556" 44 52 1855 1 1 1850
"1557" 44 53 2087 1 1 2050
"1558" 44 54 2318 0.994651085397428 0.437529839858363 2350
"1559" 44 55 2550 0.999334350106825 0.230786517292699 2550
"1560" 44 56 2782 0.997828341518696 -0.2035124271046 2750
"1561" 44 57 3246 NA NA 3250
"1562" 44 58 3477 NA NA 3450
"1563" 45 46 232 0.993139890545054 0.964571007193412 250
"1564" 45 47 464 1 1 450
"1565" 45 48 695 1 1 650
"1566" 45 49 927 1 1 950
"1567" 45 50 1159 1 1 1150
"1568" 45 51 1391 1 1 1350
"1569" 45 52 1623 1 1 1650
"1570" 45 53 1855 1 1 1850
"1571" 45 54 2086 0.968072859768422 0.418560377450725 2050
"1572" 45 55 2318 0.270417400727589 0.257698093893443 2350
"1573" 45 56 2550 0.911958614719583 -0.224017008637958 2550
"1574" 45 57 3014 NA NA 3050
"1575" 45 58 3245 NA NA 3250
"1576" 46 47 232 1 1 250
"1577" 46 48 463 1 1 450
"1578" 46 49 695 1 1 650
"1579" 46 50 927 1 1 950
"1580" 46 51 1159 1 1 1150
"1581" 46 52 1391 1 1 1350
"1582" 46 53 1623 1 1 1650
"1583" 46 54 1854 0.95112446429329 0.186615231781033 1850
"1584" 46 55 2086 0.351641602417263 0.0143664209840053 2050
"1585" 46 56 2318 0.88545156031349 -0.452955965384021 2350
"1586" 46 57 2782 NA NA 2750
"1587" 46 58 3013 NA NA 3050
"1588" 47 48 231 NA NA 250
"1589" 47 49 463 NA NA 450
"1590" 47 50 695 NA NA 650
"1591" 47 51 927 NA NA 950
"1592" 47 52 1159 NA NA 1150
"1593" 47 53 1391 NA NA 1350
"1594" 47 54 1622 NA NA 1650
"1595" 47 55 1854 NA NA 1850
"1596" 47 56 2086 NA NA 2050
"1597" 47 57 2550 NA NA 2550
"1598" 47 58 2781 NA NA 2750
"1599" 48 49 232 1 1 250
"1600" 48 50 464 1 1 450
"1601" 48 51 696 1 1 650
"1602" 48 52 928 NA NA 950
"1603" 48 53 1160 NA NA 1150
"1604" 48 54 1391 NA NA 1350
"1605" 48 55 1623 NA NA 1650
"1606" 48 56 1855 NA NA 1850
"1607" 48 57 2319 NA NA 2350
"1608" 48 58 2550 NA NA 2550
"1609" 49 50 232 1 1 250
"1610" 49 51 464 1 1 450
"1611" 49 52 696 NA NA 650
"1612" 49 53 928 NA NA 950
"1613" 49 54 1159 NA NA 1150
"1614" 49 55 1391 NA NA 1350
"1615" 49 56 1623 NA NA 1650
"1616" 49 57 2087 NA NA 2050
"1617" 49 58 2318 NA NA 2350
"1618" 50 51 232 1 1 250
"1619" 50 52 464 NA NA 450
"1620" 50 53 696 NA NA 650
"1621" 50 54 927 NA NA 950
"1622" 50 55 1159 NA NA 1150
"1623" 50 56 1391 NA NA 1350
"1624" 50 57 1855 NA NA 1850
"1625" 50 58 2086 NA NA 2050
"1626" 51 52 232 NA NA 250
"1627" 51 53 464 NA NA 450
"1628" 51 54 695 NA NA 650
"1629" 51 55 927 NA NA 950
"1630" 51 56 1159 NA NA 1150
"1631" 51 57 1623 NA NA 1650
"1632" 51 58 1854 NA NA 1850
"1633" 52 53 232 1 1 250
"1634" 52 54 463 1 -1 450
"1635" 52 55 695 1 -1 650
"1636" 52 56 927 1 -1 950
"1637" 52 57 1391 NA NA 1350
"1638" 52 58 1622 NA NA 1650
"1639" 53 54 231 1 -1 250
"1640" 53 55 463 1 -1 450
"1641" 53 56 695 1 -1 650
"1642" 53 57 1159 NA NA 1150
"1643" 53 58 1390 NA NA 1350
"1644" 54 55 232 0.990220813337254 0.975905340993356 250
"1645" 54 56 464 0.985687405684749 0.791342919645733 450
"1646" 54 57 928 NA NA 950
"1647" 54 58 1159 NA NA 1150
"1648" 55 56 232 0.999567063741069 0.905673803425671 250
"1649" 55 57 696 NA NA 650
"1650" 55 58 927 NA NA 950
"1651" 56 57 464 NA NA 450
"1652" 56 58 695 NA NA 650
"1653" 57 58 231 NA NA 250
