"i" "j" "hgt" "rsp" "rdir" "hgto"
"1" 1 2 50 0.849927186211678 0.212765843703489 50
"2" 1 3 100 0.723069839647732 0.0643805955100241 150
"3" 1 4 150 0.00648635664314933 -0.320478632774647 150
"4" 1 5 200 0.0673098364360162 -0.0404318230751404 250
"5" 1 6 250 0.090785454939551 0.0036813797350951 250
"6" 1 7 300 0.105467242514771 -0.0249132981124123 350
"7" 1 8 350 0.0828133562918288 0.00939005385180763 350
"8" 1 9 400 0.0597471776846524 0.0596855433502481 450
"9" 1 10 450 0.102643029087996 -0.226300726253331 450
"10" 1 11 500 0.153226564621389 -0.221634150076412 450
"11" 1 12 550 0.0973183006763174 -0.160133017201114 550
"12" 1 13 600 0.111301880579057 -0.0216578892324004 650
"13" 1 14 650 0.0865156020101774 -0.201640056012956 650
"14" 1 15 700 0.214012527745845 -0.215437464864816 750
"15" 1 16 750 -0.162523560966086 -0.114976674855749 750
"16" 1 17 800 0.207819644771398 -0.130567051138837 850
"17" 1 18 850 -0.133130785164188 -0.0839869866926446 850
"18" 1 19 950 0.291839031475774 -0.258706565035786 950
"19" 1 20 1050 0.200224356965023 -0.298830650604321 1050
"20" 1 21 1150 0.123612988478938 -0.241089213786924 1150
"21" 1 22 1250 -0.0116410552020064 -0.282318608049101 1250
"22" 1 23 1350 -0.115799981084092 -0.280139018487781 1350
"23" 1 24 1450 -0.261163403056546 -0.1885833894711 1450
"24" 1 25 1550 -0.218070393045052 -0.21210583587639 1550
"25" 1 26 1650 -0.0125711474451308 -0.0583302026220721 1650
"26" 1 27 1750 -0.1689938863015 -0.104640704188475 1750
"27" 1 28 1850 -0.13763238976973 -0.198239905266768 1850
"28" 1 29 1950 -0.235478926978138 -0.0854300656221639 1950
"29" 1 30 2050 -0.0256503839432112 0.0773756503494867 2050
"30" 1 31 2150 0.347348560157495 -0.0565672721449978 2150
"31" 1 32 2250 0.265910685312463 -0.00054015753423445 2250
"32" 1 33 2350 0.348516997531681 -0.0792827614818945 2350
"33" 1 34 2450 0.0849679138985248 0.0967120434416622 2450
"34" 1 35 2550 0.0588906516080186 0.176651932635151 2550
"35" 1 36 2650 0.104164937031307 0.177041189444988 2650
"36" 1 37 2750 0.0803715681385063 0.248115791323828 2750
"37" 1 38 2850 -0.26219498129715 0.272791498944357 2850
"38" 1 39 2950 -0.305267017707219 0.336527586342976 2950
"39" 1 40 3050 -0.525938991798858 0.382362950493935 3050
"40" 1 41 3150 -0.454865428621937 -0.160824491172558 3150
"41" 1 42 3250 -0.517089919594907 0.000244020452025572 3250
"42" 1 43 3350 -0.745535120364342 -0.223182705387454 3350
"43" 1 44 3450 -0.530098144654484 -0.133469697764935 3450
"44" 1 45 3550 -0.619228883253907 -0.243858954841177 3550
"45" 1 46 3650 -0.707667848602212 -0.0838941267145257 3650
"46" 1 47 3750 -0.859869980109347 0.503010380251081 3750
"47" 1 48 3850 -0.82761221606597 0.464770935759113 3850
"48" 1 49 3950 -0.964480720417522 0.125417103012867 3950
"49" 1 50 4050 -0.930059277632843 0.22699672354068 4050
"50" 1 51 4150 -0.940021686115493 0.137624847265983 4150
"51" 1 52 4250 -0.919270811235848 0.0247908050952098 4250
"52" 1 53 4350 -0.901176265839991 -0.76515248206973 4350
"53" 1 54 4450 -0.519373024624714 -0.775576142521466 4450
"54" 1 55 4550 -0.933793267121955 0.859822442495293 4550
"55" 1 56 4650 -0.927719783677469 0.570580562918793 4650
"56" 1 57 4750 -0.910269528750134 0.731030176445331 4750
"57" 1 58 4850 -0.859527758973568 0.574366709743613 4850
"58" 1 59 4950 -0.526916459573653 0.00180594464248194 4950
"59" 2 3 50 0.94718216611991 0.638409626074355 50
"60" 2 4 100 0.41369554705851 0.430140401667006 150
"61" 2 5 150 0.303133309329076 0.439057811124507 150
"62" 2 6 200 0.41712361075874 0.0416311191471526 250
"63" 2 7 250 0.451202903081163 0.0550781845732448 250
"64" 2 8 300 0.33343475791912 0.172256046498078 350
"65" 2 9 350 0.336507923043161 0.0956551670022714 350
"66" 2 10 400 0.380052697648199 0.249215148143628 450
"67" 2 11 450 0.285518366575099 0.18122226249104 450
"68" 2 12 500 0.226824862640764 -0.00837783294333206 450
"69" 2 13 550 0.316120850725431 -0.00393527947506124 550
"70" 2 14 600 0.328474032855321 -0.0708252739570332 650
"71" 2 15 650 0.428193354199597 -0.0315756255067521 650
"72" 2 16 700 -0.0153320324487204 0.151163273942997 750
"73" 2 17 750 0.339352088556229 -0.149077890089958 750
"74" 2 18 800 0.0350853264997956 -0.236888248056889 850
"75" 2 19 900 0.294788144492268 -0.176248288655846 950
"76" 2 20 1000 0.203493695472851 -0.0920236472037983 1050
"77" 2 21 1100 0.177471055683801 -0.17980412311405 1150
"78" 2 22 1200 -0.133559674290888 -0.0758770972915584 1250
"79" 2 23 1300 -0.241735655909852 -0.0710155472447896 1350
"80" 2 24 1400 -0.181996509136272 -0.191963321206141 1450
"81" 2 25 1500 -0.0223466610313366 -0.175831709690133 1550
"82" 2 26 1600 -0.00766685263314331 -0.0769202603047955 1650
"83" 2 27 1700 0.0324261828581727 -0.0258744118273908 1750
"84" 2 28 1800 0.0605984953298745 0.0747761700652378 1850
"85" 2 29 1900 0.0190412549664698 -0.110640095765928 1950
"86" 2 30 2000 0.117212618807181 0.0640265307885777 2050
"87" 2 31 2100 0.409984848896011 0.0413315945272804 2150
"88" 2 32 2200 0.343004993465637 0.000829853034824846 2250
"89" 2 33 2300 0.505363135386558 0.0210376395809814 2350
"90" 2 34 2400 0.23749102606453 0.187006785343667 2450
"91" 2 35 2500 0.274657023177798 0.179175244990088 2550
"92" 2 36 2600 0.194160760134139 0.155204343600984 2650
"93" 2 37 2700 0.100596493218682 0.223924801419349 2750
"94" 2 38 2800 -0.261491555779076 0.210534443396229 2850
"95" 2 39 2900 -0.270837503037816 0.587428185099787 2950
"96" 2 40 3000 -0.501165022022528 0.518310796266636 3050
"97" 2 41 3100 -0.388138273451482 0.769579562387855 3150
"98" 2 42 3200 -0.325867852891828 -0.105229970912588 3250
"99" 2 43 3300 -0.570223692695061 0.159640022838913 3350
"100" 2 44 3400 -0.461511177443378 -0.36166579238328 3450
"101" 2 45 3500 -0.615181095818169 -0.170214292731637 3550
"102" 2 46 3600 -0.648487801915031 -0.0920353678616608 3650
"103" 2 47 3700 -0.794057349359318 0.657171960130935 3750
"104" 2 48 3800 -0.747835757902116 0.488857620527303 3850
"105" 2 49 3900 -0.827047936783481 0.352320580199724 3950
"106" 2 50 4000 -0.85249318535644 0.276546966197221 4050
"107" 2 51 4100 -0.859860120192701 -0.119490358506212 4150
"108" 2 52 4200 -0.826538060734419 0.309298353473027 4250
"109" 2 53 4300 -0.887604613390422 0.236127636163163 4350
"110" 2 54 4400 -0.946464911008821 0.825394303759819 4450
"111" 2 55 4500 -0.906009406749393 0.996503835466191 4550
"112" 2 56 4600 -0.865410485761482 0.996894296212394 4650
"113" 2 57 4700 -0.882477333244109 0.999048388396569 4750
"114" 2 58 4800 -0.900019416910322 0.832205572123261 4850
"115" 2 59 4900 -0.739074917494742 0.574984508042315 4950
"116" 3 4 50 0.895016269045142 0.829263999095666 50
"117" 3 5 100 0.925125561674989 0.582504521935713 150
"118" 3 6 150 0.588669462836549 0.197681298347052 150
"119" 3 7 200 0.713227128820485 -0.0878698620460256 250
"120" 3 8 250 0.613924517477602 -0.00604572593088679 250
"121" 3 9 300 0.61614686445148 0.212743767301982 350
"122" 3 10 350 0.601858795062275 -0.12517522537508 350
"123" 3 11 400 0.465543648460063 -0.102090779569579 350
"124" 3 12 450 0.148689220830882 -0.187444888560236 450
"125" 3 13 500 0.152871181337433 0.121227354918385 450
"126" 3 14 550 -0.129697061026154 -0.197017625099218 550
"127" 3 15 600 0.10501171806276 -0.0116746873245158 650
"128" 3 16 650 -0.461297975935517 -0.129836921657305 650
"129" 3 17 700 0.0864693015276793 0.247488266540074 750
"130" 3 18 750 -0.263394241517073 0.0474731843069773 750
"131" 3 19 850 -0.326835566038583 -0.181557829835258 850
"132" 3 20 950 -0.443169392491408 -0.353754905382493 950
"133" 3 21 1050 0.0414126688110093 -0.355432573068364 1050
"134" 3 22 1150 -0.672170712825397 -0.217532415133918 1150
"135" 3 23 1250 -0.708672369883087 -0.3607100447364 1250
"136" 3 24 1350 -0.526814924788327 -0.394859364517205 1350
"137" 3 25 1450 -0.351974953857258 -0.272939305030253 1450
"138" 3 26 1550 -0.191096412418882 -0.26168668273066 1550
"139" 3 27 1650 -0.157486471588011 -0.145679000042845 1650
"140" 3 28 1750 -0.100575310501011 -0.311012442182334 1750
"141" 3 29 1850 -0.0763194064291456 -0.0222169157468441 1850
"142" 3 30 1950 0.110131099525179 -0.126630833056324 1950
"143" 3 31 2050 0.227749149825472 0.0880249883123476 2050
"144" 3 32 2150 0.0446712749042923 0.0885911965251907 2150
"145" 3 33 2250 0.0672873217689329 -0.0126841560104469 2250
"146" 3 34 2350 0.131608170658949 0.104830893751949 2350
"147" 3 35 2450 0.250888628812351 -0.218406588726383 2450
"148" 3 36 2550 0.27238078982113 -0.216014486548055 2550
"149" 3 37 2650 0.265240887559941 0.0722703637668212 2650
"150" 3 38 2750 0.19582262582521 -0.0221881212617977 2750
"151" 3 39 2850 0.926929255685906 -0.305257535432886 2850
"152" 3 40 2950 0.718021654848761 -0.355832152748514 2950
"153" 3 41 3050 0.308506411105252 0.675380358045811 3050
"154" 3 42 3150 0.46841587207432 -0.306081860404764 3150
"155" 3 43 3250 0.590035221848827 -0.0516495410541819 3250
"156" 3 44 3350 0.450407638784395 -0.10934458631197 3350
"157" 3 45 3450 -0.426167023768037 0.851116121224955 3450
"158" 3 46 3550 -0.321999719487132 0.108181214345537 3550
"159" 3 47 3650 0.139652432285934 0.618947298012197 3650
"160" 3 48 3750 -0.486469788795243 -0.0321413037412627 3750
"161" 3 49 3850 -0.489447105675288 -0.106359071197341 3850
"162" 3 50 3950 -0.662885192532793 0.103908787881734 3950
"163" 3 51 4050 0.13227355835615 0.906870877066296 4050
"164" 3 52 4150 -0.351465809225692 0.684681401065781 4150
"165" 3 53 4250 -0.736756930576961 0.484239114690869 4250
"166" 3 54 4350 -0.972985488142762 0.919098327606316 4350
"167" 3 55 4450 -1 1 4450
"168" 3 56 4550 -1 1 4550
"169" 3 57 4650 -1 1 4650
"170" 3 58 4750 -1 -1 4750
"171" 3 59 4850 -0.575381920309331 0.382397462649729 4850
"172" 4 5 50 0.895315209190055 0.969913487908843 50
"173" 4 6 100 0.9036478825556 0.954997247457937 150
"174" 4 7 150 0.766107248385727 0.884033809379105 150
"175" 4 8 200 0.821573015944943 0.621021150118299 250
"176" 4 9 250 0.785615123831294 0.757017563192353 250
"177" 4 10 300 0.831235938391647 0.178491816194928 350
"178" 4 11 350 0.824833577299746 0.15722405961646 350
"179" 4 12 400 0.397733127459901 0.177794240113202 350
"180" 4 13 450 0.367239484059423 0.471887816294633 450
"181" 4 14 500 0.219326448614701 0.0809896466354167 450
"182" 4 15 550 0.162332999417131 0.351278099019917 550
"183" 4 16 600 0.15676911567007 0.293146923295396 650
"184" 4 17 650 0.188859818786627 0.686539637967088 650
"185" 4 18 700 0.132048277406028 0.566211976882432 750
"186" 4 19 800 0.0466931231609489 0.255664477108459 850
"187" 4 20 900 -0.0678154086744568 -0.0195465687228956 950
"188" 4 21 1000 -0.0839782782684895 -0.0716105515824498 1050
"189" 4 22 1100 -0.412851091566574 -0.133590813083847 1150
"190" 4 23 1200 -0.28223487700698 -0.198779455922952 1250
"191" 4 24 1300 -0.152120662681438 -0.259061967233296 1350
"192" 4 25 1400 -0.0897288607324759 -0.226097605822707 1450
"193" 4 26 1500 -0.0191208555614826 -0.198752318062435 1550
"194" 4 27 1600 0.297903557934525 -0.124231573787493 1650
"195" 4 28 1700 -0.00342508048534458 -0.22411307922055 1750
"196" 4 29 1800 0.0853080553110143 -0.181895531213469 1850
"197" 4 30 1900 0.297742255605897 -0.0875298523594469 1950
"198" 4 31 2000 0.456237412572656 0.108120295545671 2050
"199" 4 32 2100 0.292893217803006 0.0528667339205766 2150
"200" 4 33 2200 0.312091602512622 0.38724633220809 2250
"201" 4 34 2300 0.315600115520908 0.368490863371203 2350
"202" 4 35 2400 0.467334633953346 0.0119818931628002 2450
"203" 4 36 2500 0.498263662620148 -0.163334370659357 2550
"204" 4 37 2600 0.642751509774842 0.0542244965218101 2650
"205" 4 38 2700 0.638909557672141 -0.207095522217231 2750
"206" 4 39 2800 0.487421378280606 -0.319414378961322 2850
"207" 4 40 2900 0.364941838885287 -0.0704325747880023 2950
"208" 4 41 3000 0.158780198382375 0.615450023885466 3050
"209" 4 42 3100 0.276829674036381 -0.0550663009406293 3150
"210" 4 43 3200 0.184234174452292 0.261413467059508 3250
"211" 4 44 3300 0.207146605892832 -0.483549864212694 3350
"212" 4 45 3400 0.0898372646232559 -0.139851067046426 3450
"213" 4 46 3500 0.242968388313914 -0.00329353459642734 3550
"214" 4 47 3600 0.642316052554716 0.467787792898243 3650
"215" 4 48 3700 0.312675250320087 0.196233395662254 3750
"216" 4 49 3800 0.4101595258477 0.158640981332247 3850
"217" 4 50 3900 0.42970823540663 -0.0228531075450209 3950
"218" 4 51 4000 0.531212146834404 -0.662376607054324 4050
"219" 4 52 4100 0.412311429610561 0.218851339273623 4150
"220" 4 53 4200 -0.134640286282014 0.297393724492863 4250
"221" 4 54 4300 -0.0495244159896014 0.464810515359633 4350
"222" 4 55 4400 0.046893504262773 -0.105419571859123 4450
"223" 4 56 4500 -0.265837296112754 0.169191988583938 4550
"224" 4 57 4600 0.106550659383898 0.854148012360044 4650
"225" 4 58 4700 0.203178717339306 0.534392829292498 4750
"226" 4 59 4800 0.210680529899035 0.568534489864088 4850
"227" 5 6 50 0.872869757666832 0.951699225513435 50
"228" 5 7 100 0.672607984756318 0.804963687736951 150
"229" 5 8 150 0.637831871955027 0.561652594863252 150
"230" 5 9 200 0.554651303699772 0.762380608879696 250
"231" 5 10 250 0.563215855677578 0.275899957435503 250
"232" 5 11 300 0.407610140974356 0.211411238345843 250
"233" 5 12 350 0.381304329706778 0.208244617750677 350
"234" 5 13 400 0.386754704007294 0.47508683406436 350
"235" 5 14 450 0.350772283398202 0.122724111382514 450
"236" 5 15 500 0.30957102261044 0.356175832746391 450
"237" 5 16 550 0.320514534898302 0.350321445102716 550
"238" 5 17 600 0.292737284589971 0.653707630070777 650
"239" 5 18 650 0.297645903550082 0.485233776893636 650
"240" 5 19 750 0.276747982389519 0.271684725253131 750
"241" 5 20 850 0.213848144883083 0.0229166922867636 850
"242" 5 21 950 0.17353695895034 -0.0477490512862123 950
"243" 5 22 1050 0.236652333295878 -0.0467215194528338 1050
"244" 5 23 1150 0.184163378436569 -0.0503494674215711 1150
"245" 5 24 1250 0.0673947418538568 -0.0473442920984929 1250
"246" 5 25 1350 0.272550971391546 0.00685215719899275 1350
"247" 5 26 1450 0.144078643199223 0.0613837404814548 1450
"248" 5 27 1550 0.0710335559420995 0.00409140626255835 1550
"249" 5 28 1650 0.150159583614737 -0.0343461775277512 1650
"250" 5 29 1750 0.142033658885104 -0.0156417976386435 1750
"251" 5 30 1850 0.396753580919596 0.295992174670741 1850
"252" 5 31 1950 0.39356228131154 0.206070347055372 1950
"253" 5 32 2050 0.381971823911303 -0.130536627887772 2050
"254" 5 33 2150 0.336712202254077 -0.18554311369137 2150
"255" 5 34 2250 0.335375961118545 0.0927524476744316 2250
"256" 5 35 2350 0.463969339443024 0.148307899563035 2350
"257" 5 36 2450 0.472589166544401 0.497571215974464 2450
"258" 5 37 2550 0.405541144342535 0.0188551533348997 2550
"259" 5 38 2650 0.46078005000986 -0.257928307703081 2650
"260" 5 39 2750 0.214044823371182 -0.268594287051294 2750
"261" 5 40 2850 0.196096420594263 0.132153330452557 2850
"262" 5 41 2950 0.124259076600548 0.23806187049224 2950
"263" 5 42 3050 0.0705900500648955 0.263746538613282 3050
"264" 5 43 3150 -0.184357115981164 0.129240182287667 3150
"265" 5 44 3250 -0.348644955060657 -0.266461532393852 3250
"266" 5 45 3350 -0.224804141065459 -0.0298272560152865 3350
"267" 5 46 3450 -0.306198687981845 -0.495664243796401 3450
"268" 5 47 3550 -0.125275437854831 -0.515150513446606 3550
"269" 5 48 3650 -0.192408838430787 0.0713216520216673 3650
"270" 5 49 3750 -0.0397484238620153 0.0457476958150694 3750
"271" 5 50 3850 -0.0495684288642632 -0.160077126815192 3850
"272" 5 51 3950 0.0771808764368847 -0.304627876475894 3950
"273" 5 52 4050 0.0896869988171132 -0.0224284399936899 4050
"274" 5 53 4150 0.175786720560573 -0.0281601595718071 4150
"275" 5 54 4250 0.256079687246967 0.0667148585369008 4250
"276" 5 55 4350 0.44011957486614 0.297242515000359 4350
"277" 5 56 4450 0.474725597959906 0.266522751295438 4450
"278" 5 57 4550 0.460661534793535 0.524759458642769 4550
"279" 5 58 4650 0.475675416169017 0.539961228353 4650
"280" 5 59 4750 0.534470462184728 0.729585915689224 4750
"281" 6 7 50 0.91997101707662 0.892354551683558 50
"282" 6 8 100 0.862687059929832 0.583719204627481 150
"283" 6 9 150 0.829270703218163 0.760795790895945 150
"284" 6 10 200 0.794949712669913 0.211403900670133 250
"285" 6 11 250 0.690414189961096 0.166246924232475 250
"286" 6 12 300 0.657585466065776 0.173764929735658 250
"287" 6 13 350 0.67664743757263 0.473518200742981 350
"288" 6 14 400 0.617600168441302 0.108569878436913 350
"289" 6 15 450 0.625350061397137 0.352941415538746 450
"290" 6 16 500 0.535262720959187 0.260211941397846 450
"291" 6 17 550 0.566855706591812 0.643804081852138 550
"292" 6 18 600 0.506004218203692 0.211654834072837 650
"293" 6 19 700 0.443432342071274 0.177001194354516 750
"294" 6 20 800 0.451150171400262 -0.0593637775593541 850
"295" 6 21 900 0.377857813890711 -0.0709669506128407 950
"296" 6 22 1000 0.315181325943378 -0.144001677128884 1050
"297" 6 23 1100 0.257175070230915 -0.197441217087715 1150
"298" 6 24 1200 0.140938302259298 -0.208070264647231 1250
"299" 6 25 1300 0.207247877978433 -0.173860718855258 1350
"300" 6 26 1400 0.145527826593818 -0.132377772388229 1450
"301" 6 27 1500 0.188362830106258 -0.0674578105606684 1550
"302" 6 28 1600 0.214402314771263 -0.0294112844034051 1650
"303" 6 29 1700 0.227771947714502 -0.0410060482878466 1750
"304" 6 30 1800 0.24590382063616 -0.153292131374972 1850
"305" 6 31 1900 0.369817987379167 -0.099705480555992 1950
"306" 6 32 2000 0.379307248479404 -0.0534481591435713 2050
"307" 6 33 2100 0.459890946111052 0.0609732726089154 2150
"308" 6 34 2200 0.376512291768258 0.0797557517858491 2250
"309" 6 35 2300 0.539485261478955 0.101861959292765 2350
"310" 6 36 2400 0.518264154592746 0.376155178220777 2450
"311" 6 37 2500 0.417125283117437 0.260894006250395 2550
"312" 6 38 2600 0.349316912415231 0.370884464002662 2650
"313" 6 39 2700 0.0773912998415955 0.358197367156442 2750
"314" 6 40 2800 0.094073806686248 0.439523041126749 2850
"315" 6 41 2900 -0.02161652824739 0.177815294837107 2950
"316" 6 42 3000 0.00950298359818517 0.19102433518301 3050
"317" 6 43 3100 0.0185422980386514 0.252189021013713 3150
"318" 6 44 3200 0.00783665401988791 0.0190936700862365 3250
"319" 6 45 3300 0.0355662204825857 0.200874665082512 3350
"320" 6 46 3400 0.0558469042547514 -0.247184584448176 3450
"321" 6 47 3500 -0.0443061634700395 -0.211460990620902 3550
"322" 6 48 3600 -0.0484368268695089 0.122267432417947 3650
"323" 6 49 3700 -0.112338759744806 0.0641743821517185 3750
"324" 6 50 3800 -0.0203618234776779 0.012686514099187 3850
"325" 6 51 3900 0.0536297023785853 0.0216162842269775 3950
"326" 6 52 4000 0.11731742073614 0.220072534946626 4050
"327" 6 53 4100 0.0754297238818252 0.00354973460167545 4150
"328" 6 54 4200 0.220286479332673 0.11324598012397 4250
"329" 6 55 4300 0.288171077745749 0.127773750733632 4350
"330" 6 56 4400 0.223010854891698 0.0457887936000129 4450
"331" 6 57 4500 0.178368105992927 0.330384467056534 4550
"332" 6 58 4600 0.0598026386262891 0.346151883889952 4650
"333" 6 59 4700 0.122757291734091 0.306921327590265 4750
"334" 7 8 50 0.953241365992933 0.905789555788358 50
"335" 7 9 100 0.917854057285669 0.874992792214413 150
"336" 7 10 150 0.834273462099271 0.608361624149891 150
"337" 7 11 200 0.767411780889195 0.472825755101501 150
"338" 7 12 250 0.614722241147863 0.464019225947451 250
"339" 7 13 300 0.630131303099551 0.557104430675179 250
"340" 7 14 350 0.544539339599348 0.318627235438686 350
"341" 7 15 400 0.565643025081172 0.587207263157955 350
"342" 7 16 450 0.443662419551534 0.499649529383618 450
"343" 7 17 500 0.527273304122592 0.555562399167517 450
"344" 7 18 550 0.478719004313007 0.301149248352923 550
"345" 7 19 650 0.416927731055964 0.404313833669885 650
"346" 7 20 750 0.44206674409227 0.115692604487819 750
"347" 7 21 850 0.411383177544488 0.0208835618866127 850
"348" 7 22 950 0.200764058577863 0.102925236415725 950
"349" 7 23 1050 0.233638802063469 0.179475482266236 1050
"350" 7 24 1150 0.154822420901381 0.0779626178422653 1150
"351" 7 25 1250 0.141559574559839 0.310018219671413 1250
"352" 7 26 1350 0.25295376285834 0.439760663224484 1350
"353" 7 27 1450 0.296359472636249 0.33687495260979 1450
"354" 7 28 1550 0.298782781900488 0.322605851018354 1550
"355" 7 29 1650 0.206886162972145 0.109285401018168 1650
"356" 7 30 1750 0.14610193558095 0.0693415581591049 1750
"357" 7 31 1850 0.282788293441923 0.0536796370097619 1850
"358" 7 32 1950 0.21864520403992 -0.0534979195948549 1950
"359" 7 33 2050 0.30007903079933 -0.153578655452324 2050
"360" 7 34 2150 0.456940961133022 -0.0424342902451412 2150
"361" 7 35 2250 0.50423364693389 0.0671339180663458 2250
"362" 7 36 2350 0.474941797275792 0.239622178836106 2350
"363" 7 37 2450 0.414956147894706 0.108372323727748 2450
"364" 7 38 2550 0.304389467997855 0.160589122344478 2550
"365" 7 39 2650 0.211574457494939 0.178761616329729 2650
"366" 7 40 2750 0.287088987546575 0.157675030133802 2750
"367" 7 41 2850 0.0241998080481985 0.191018156252992 2850
"368" 7 42 2950 -0.00765891834716392 0.264302113474914 2950
"369" 7 43 3050 0.0576064343987701 0.282347140793399 3050
"370" 7 44 3150 0.0871470255569453 -0.104543358559966 3150
"371" 7 45 3250 0.0815801549229724 -0.0062736626694274 3250
"372" 7 46 3350 0.123266661044872 -0.117566966488987 3350
"373" 7 47 3450 0.187860582708573 0.0764577162867451 3450
"374" 7 48 3550 -0.130729134495539 0.277076085012589 3550
"375" 7 49 3650 -0.0695770573881171 0.297800175501133 3650
"376" 7 50 3750 -0.112427145774311 0.00985492756277328 3750
"377" 7 51 3850 0.171599191854172 0.425159837648033 3850
"378" 7 52 3950 0.188422682944684 0.385313599825111 3950
"379" 7 53 4050 0.120622249527414 -0.0490233382785275 4050
"380" 7 54 4150 0.0781522451982555 -0.0822582890085109 4150
"381" 7 55 4250 0.408388907535384 -0.19131122164109 4250
"382" 7 56 4350 -0.0326495925946527 0.173793687651708 4350
"383" 7 57 4450 -0.0131034435219939 0.210676765662811 4450
"384" 7 58 4550 0.118043413398021 0.397522423775243 4550
"385" 7 59 4650 0.204526101188612 0.275400901473723 4650
"386" 8 9 50 0.978918855891675 0.932883980604727 50
"387" 8 10 100 0.931403660634698 0.800653769993288 150
"388" 8 11 150 0.863130015038819 0.718538718831484 150
"389" 8 12 200 0.721545571610454 0.566746962392673 150
"390" 8 13 250 0.700526495435011 0.417996862802923 250
"391" 8 14 300 0.574880099661047 0.29549359723124 250
"392" 8 15 350 0.521748040921588 0.582583600266668 350
"393" 8 16 400 0.493470467543958 0.437592081212158 350
"394" 8 17 450 0.484709016015677 0.301619158336181 450
"395" 8 18 500 0.564409545354557 0.101501261267524 450
"396" 8 19 600 0.440235890929101 0.319416994311551 650
"397" 8 20 700 0.451761707036046 0.0993073865835968 750
"398" 8 21 800 0.368078531788175 -0.09672547832622 850
"399" 8 22 900 0.170263584200543 0.0652800514818946 950
"400" 8 23 1000 0.166900040348077 0.0976255817602162 1050
"401" 8 24 1100 0.129898314630676 0.0897574887051018 1150
"402" 8 25 1200 0.0709565173001039 0.302977863997625 1250
"403" 8 26 1300 0.0382979181857196 0.428096449129151 1350
"404" 8 27 1400 0.050151717847228 0.3677041384735 1450
"405" 8 28 1500 0.0850281758940045 0.336325921672509 1550
"406" 8 29 1600 0.153911331473574 0.235595040849077 1650
"407" 8 30 1700 0.0931594969109164 0.224875106006945 1750
"408" 8 31 1800 0.232579041193779 0.154584072652963 1850
"409" 8 32 1900 0.18541152748057 0.0597291794499202 1950
"410" 8 33 2000 0.216222654207524 -0.180747694261747 2050
"411" 8 34 2100 0.362802710020997 -0.102036537052204 2150
"412" 8 35 2200 0.343444508926946 0.0682845380315298 2250
"413" 8 36 2300 0.322043211512346 0.231324482698031 2350
"414" 8 37 2400 0.248998188554465 0.0784643485979957 2450
"415" 8 38 2500 0.268066890668739 0.121284927359059 2550
"416" 8 39 2600 0.17411889117745 0.121433317866806 2650
"417" 8 40 2700 0.25756466217986 0.229733892219408 2750
"418" 8 41 2800 -0.0379312405079479 0.208790369571984 2850
"419" 8 42 2900 0.0106032492691784 0.254978589802161 2950
"420" 8 43 3000 0.0917784253048204 0.240876533664323 3050
"421" 8 44 3100 0.0975326467430912 -0.201141032240883 3150
"422" 8 45 3200 0.159343714169442 -0.0855223997977104 3250
"423" 8 46 3300 0.191341830091863 -0.0293045529242516 3350
"424" 8 47 3400 0.101788285029608 -0.00417957092474104 3450
"425" 8 48 3500 0.0739071469876395 0.417880449198238 3550
"426" 8 49 3600 0.127548788663467 0.399144373164596 3650
"427" 8 50 3700 0.0582503834427122 0.1815745336242 3750
"428" 8 51 3800 0.265531601597933 0.387272205505344 3850
"429" 8 52 3900 0.260962489303675 0.362900475102225 3950
"430" 8 53 4000 0.160174103620049 -0.0616247570964079 4050
"431" 8 54 4100 -0.0101104559917891 0.187434266541862 4150
"432" 8 55 4200 0.300217253826477 -0.357289429518129 4250
"433" 8 56 4300 -0.107293861048469 0.166513140692379 4350
"434" 8 57 4400 -0.0809407648294567 0.06068262197927 4450
"435" 8 58 4500 -0.0125853547501243 0.302696430654275 4550
"436" 8 59 4600 0.0893669083447823 0.530671070139879 4650
"437" 9 10 50 0.966836661438292 0.896583001292213 50
"438" 9 11 99.9999999999999 0.901117238081649 0.784439526739442 50
"439" 9 12 150 0.755754358478137 0.498650430966799 150
"440" 9 13 200 0.712250953077928 0.39945830915019 150
"441" 9 14 250 0.621238497607918 0.185635194636281 250
"442" 9 15 300 0.573234051090715 0.468329011696757 250
"443" 9 16 350 0.577731900128938 0.275708374097466 350
"444" 9 17 400 0.483266083754412 0.217764342154974 350
"445" 9 18 450 0.546912450416132 0.0769931001209962 450
"446" 9 19 550 0.370465418513638 0.0984040814576693 550
"447" 9 20 650 0.369317678332829 -0.11508554342505 650
"448" 9 21 750 0.262653250987428 -0.196281368828397 750
"449" 9 22 850 0.146459123322364 -0.101425055622384 850
"450" 9 23 950 0.141431968751627 -0.128931966696825 950
"451" 9 24 1050 0.0832306517274092 -0.195944339542835 1050
"452" 9 25 1150 0.0200225844510685 -0.196106718420677 1150
"453" 9 26 1250 -0.0499324510229872 -0.143182015910253 1250
"454" 9 27 1350 -0.00483451603675502 0.101839405404635 1350
"455" 9 28 1450 0.0398151549194918 0.165063227476405 1450
"456" 9 29 1550 0.138166262392199 0.0486508057821776 1550
"457" 9 30 1650 0.0731251664331173 -0.122642929910009 1650
"458" 9 31 1750 0.231135269818208 -0.0315151209043737 1750
"459" 9 32 1850 0.157841198242 -0.120305998100532 1850
"460" 9 33 1950 0.173190856966972 -0.228842482419406 1950
"461" 9 34 2050 0.289573879792364 -0.154638487370103 2050
"462" 9 35 2150 0.233384141266602 -0.0733527582952912 2150
"463" 9 36 2250 0.182315380564392 0.0985146403788909 2250
"464" 9 37 2350 0.0730729439945348 0.125858279733526 2350
"465" 9 38 2450 0.0758181336422961 0.184239595453194 2450
"466" 9 39 2550 0.127920755011262 0.147603620059993 2550
"467" 9 40 2650 0.197577104640918 0.146718924167719 2650
"468" 9 41 2750 -0.144082032550923 0.20099886533874 2750
"469" 9 42 2850 -0.123900222977509 0.253135171595032 2850
"470" 9 43 2950 0.0431662926556915 0.229830724990043 2950
"471" 9 44 3050 0.0693305610326239 0.164167177740275 3050
"472" 9 45 3150 0.125751575598137 0.460938387338066 3150
"473" 9 46 3250 0.155810596383801 0.525491678623465 3250
"474" 9 47 3350 -0.018663901924565 -0.127800512198005 3350
"475" 9 48 3450 0.0708810129994644 0.259661052116386 3450
"476" 9 49 3550 0.0452318811438309 0.183397375372452 3550
"477" 9 50 3650 -0.0291677898528053 0.0986242953592444 3650
"478" 9 51 3750 0.149785591702493 0.300812349548986 3750
"479" 9 52 3850 0.174070774971261 0.328112306913062 3850
"480" 9 53 3950 0.117032335826095 -0.0676789657700645 3950
"481" 9 54 4050 -0.0502089227256465 -0.0162157440246497 4050
"482" 9 55 4150 0.0370746409394077 -0.199035225524503 4150
"483" 9 56 4250 -0.257115025049687 0.164705682622333 4250
"484" 9 57 4350 -0.184655431696026 0.0992695919366774 4350
"485" 9 58 4450 -0.036399973925229 0.0834872039300823 4450
"486" 9 59 4550 -0.0424866563000461 0.456223263073302 4550
"487" 10 11 49.9999999999999 0.946682465374012 0.974326863638396 50
"488" 10 12 99.9999999999999 0.839618944805038 0.928755290440795 50
"489" 10 13 150 0.826744624487511 0.501623728017607 150
"490" 10 14 200 0.657093171523442 0.607456771085329 150
"491" 10 15 250 0.660334314684565 0.716366533158645 250
"492" 10 16 300 0.542057099483949 0.703319004352539 250
"493" 10 17 350 0.539519126551033 0.236501531357841 350
"494" 10 18 400 0.551554207389562 0.100894102752083 350
"495" 10 19 500 0.42913198105484 0.543401662413351 450
"496" 10 20 600 0.355760571792625 0.306143972903209 650
"497" 10 21 700 0.284053135602304 -0.0519699748356563 750
"498" 10 22 800 0.0271939563583615 -0.0146557586718958 850
"499" 10 23 900 0.0484893647095578 0.0588294031519235 950
"500" 10 24 1000 -0.0156932726901141 -0.00075100001559222 1050
"501" 10 25 1100 -0.0134843433766624 0.113724000065017 1150
"502" 10 26 1200 0.0252087293296286 0.363957917197773 1250
"503" 10 27 1300 0.0702158313721994 0.207774603985401 1350
"504" 10 28 1400 0.0759388977747611 0.181094975372667 1450
"505" 10 29 1500 0.112107250465332 0.124690301204724 1550
"506" 10 30 1600 0.0596824680670466 0.0824273397044674 1650
"507" 10 31 1700 0.146243440816859 0.0752064848704813 1750
"508" 10 32 1800 0.105808579097378 0.0535525953606566 1850
"509" 10 33 1900 0.0355769856833073 -0.0116387144463932 1950
"510" 10 34 2000 0.0924133705937037 -0.0658574359185703 2050
"511" 10 35 2100 0.161137901166124 0.115902904206717 2150
"512" 10 36 2200 0.0332289840105972 0.325271551855563 2250
"513" 10 37 2300 -0.025636116178974 0.168569754801653 2350
"514" 10 38 2400 0.0767845095350547 0.119269809826519 2450
"515" 10 39 2500 -0.0132143225204836 0.106159971254994 2550
"516" 10 40 2600 0.0301351445444716 0.0911345285194795 2650
"517" 10 41 2700 -0.125137277267593 0.235537325506265 2750
"518" 10 42 2800 0.0394865986128407 0.181095795628626 2850
"519" 10 43 2900 0.100295136179394 0.188189019579702 2950
"520" 10 44 3000 0.0934635476668454 -0.192226637776404 3050
"521" 10 45 3100 0.162619588608983 0.0637041412291756 3150
"522" 10 46 3200 0.124887059908423 0.0373767453483003 3250
"523" 10 47 3300 -0.0223782776765085 0.218959346363384 3350
"524" 10 48 3400 0.0524185237226629 0.242518257362449 3450
"525" 10 49 3500 0.0539638077787837 0.207954645009798 3550
"526" 10 50 3600 -0.0389154531310392 0.108017289199006 3650
"527" 10 51 3700 0.157353197690533 0.331600988207029 3750
"528" 10 52 3800 0.147616986682397 0.326566991893306 3850
"529" 10 53 3900 0.0295412128138067 -0.043227756544051 3950
"530" 10 54 4000 -0.184092415202197 -0.0642935893993812 4050
"531" 10 55 4100 0.000619672233497402 0.0105812353588033 4150
"532" 10 56 4200 -0.281608064643682 -0.0648774699615518 4250
"533" 10 57 4300 -0.225825099697257 -0.171698717105675 4350
"534" 10 58 4400 -0.30087034177205 0.493097292389476 4450
"535" 10 59 4500 -0.0745085135269577 0.412176286202739 4550
"536" 11 12 50 0.93158000045104 0.97295234554753 50
"537" 11 13 100 0.89448125165524 0.706504114590477 150
"538" 11 14 150 0.805774125203685 0.860257240989631 150
"539" 11 15 200 0.737352579780431 0.746771011065881 250
"540" 11 16 250 0.727527907006821 0.826141178690065 250
"541" 11 17 300 0.539639009659925 0.44468719150901 350
"542" 11 18 350 0.533785654733542 0.221969774327005 350
"543" 11 19 450 0.426846627144531 0.643292600305441 450
"544" 11 20 550 0.353891440847556 0.556519712659438 550
"545" 11 21 650 0.236472059713409 0.0864634016625414 650
"546" 11 22 750 0.0336102508286734 -0.0769110566010299 750
"547" 11 23 850 0.0829876926025748 -0.00616827556032698 850
"548" 11 24 950 0.0566124757207719 -0.0719353366302239 950
"549" 11 25 1050 -0.00021876004526627 -0.0605381735723197 1050
"550" 11 26 1150 -0.0503308211333094 0.14444055280919 1150
"551" 11 27 1250 -0.0951274380602641 0.098076213511851 1250
"552" 11 28 1350 -0.0990578255311341 0.0694283394298188 1350
"553" 11 29 1450 -0.00563212931842422 0.0835962313031185 1450
"554" 11 30 1550 -0.0259321296627839 0.141182510427905 1550
"555" 11 31 1650 -0.00778585779465795 0.326190524793456 1650
"556" 11 32 1750 -0.0220430457829691 0.224805250201475 1750
"557" 11 33 1850 0.0403398499340312 0.168774319068925 1850
"558" 11 34 1950 0.108799684118691 0.199611515239826 1950
"559" 11 35 2050 0.177703624834841 0.154286457821375 2050
"560" 11 36 2150 0.0801264914445681 0.242798694634965 2150
"561" 11 37 2250 0.058996442655055 0.143063453039805 2250
"562" 11 38 2350 0.0301266488261559 0.082075613550088 2350
"563" 11 39 2450 -0.0266905548058289 0.0944207795235093 2450
"564" 11 40 2550 0.00700380092429507 0.0446938771694955 2550
"565" 11 41 2650 -0.0268644363983434 0.192357483388761 2650
"566" 11 42 2750 0.0985095747892689 0.141064067070186 2750
"567" 11 43 2850 0.178731511588189 0.12954075472034 2850
"568" 11 44 2950 0.141390912103795 0.0039517007334163 2950
"569" 11 45 3050 0.212005453594696 0.262627251445441 3050
"570" 11 46 3150 0.18124246759657 0.217715977837921 3150
"571" 11 47 3250 0.0605748795767606 0.328255145979509 3250
"572" 11 48 3350 0.0457819236004084 0.175520961479439 3350
"573" 11 49 3450 -0.0318774079842269 0.211005970231167 3450
"574" 11 50 3550 -0.0690011240092385 0.0411403602965599 3550
"575" 11 51 3650 0.0605643855282166 0.221155533958025 3650
"576" 11 52 3750 0.084896078239235 0.233210226534619 3750
"577" 11 53 3850 0.0341338525242552 -0.132649746616996 3850
"578" 11 54 3950 -0.0264625154342496 -0.263861773939515 3950
"579" 11 55 4050 -0.0550806516014334 0.0586252010862858 4050
"580" 11 56 4150 -0.184893656282574 -0.171144310475156 4150
"581" 11 57 4250 -0.139561160773403 -0.0649003763725483 4250
"582" 11 58 4350 -0.217603711242863 0.0811995348545898 4350
"583" 11 59 4450 -0.184806549908557 0.429391757793007 4450
"584" 12 13 50 0.970191219701749 0.830896460678941 50
"585" 12 14 100 0.925025026716072 0.789531067609783 150
"586" 12 15 150 0.810072366790683 0.815067033990641 150
"587" 12 16 200 0.767580203653413 0.862212689671324 250
"588" 12 17 250 0.64974615487923 0.585018815575444 250
"589" 12 18 300 0.640430787632812 0.340557810528541 350
"590" 12 19 400 0.556458994135569 0.726623916042931 450
"591" 12 20 500 0.417186362752814 0.373291276217458 550
"592" 12 21 600 0.245892258660088 0.0901954061118448 650
"593" 12 22 700 0.200908025701858 -0.122307292294307 750
"594" 12 23 800 0.216244852926679 -0.112812522424142 850
"595" 12 24 900 0.163594901550921 -0.129935547944963 950
"596" 12 25 1000 0.0659097382428302 -0.131806638655668 1050
"597" 12 26 1100 0.0425662354177535 0.0171806019327758 1150
"598" 12 27 1200 -0.064862056840828 0.0815682369342929 1250
"599" 12 28 1300 -0.00772662083768997 0.0281264323568623 1350
"600" 12 29 1400 -0.0354634592888959 -0.00438645522774703 1450
"601" 12 30 1500 0.0921727835986354 -0.0212891173606327 1550
"602" 12 31 1600 0.133427391924927 0.190088026292335 1650
"603" 12 32 1700 0.214373430182356 0.128102446607461 1750
"604" 12 33 1800 0.196289456862993 0.11259111438238 1850
"605" 12 34 1900 0.162739675577082 0.109503345068326 1950
"606" 12 35 2000 0.274652956302689 0.169188310015144 2050
"607" 12 36 2100 0.209896111481978 0.226521674909689 2150
"608" 12 37 2200 0.1342313446058 0.115678672630223 2250
"609" 12 38 2300 0.12238119497216 0.051061046369247 2350
"610" 12 39 2400 0.165756050104786 0.0658842951451126 2450
"611" 12 40 2500 0.173350532915126 0.0258578157534776 2550
"612" 12 41 2600 0.0331415823526846 0.14962138601185 2650
"613" 12 42 2700 0.1274415690378 0.135109096627002 2750
"614" 12 43 2800 0.156440844854376 0.156448760841554 2850
"615" 12 44 2900 0.0631639358209213 -0.196314733063251 2950
"616" 12 45 3000 0.243880738950921 -0.154540597227578 3050
"617" 12 46 3100 0.107226335477853 -0.0709364225756761 3150
"618" 12 47 3200 0.000247808041330527 0.727684659515363 3250
"619" 12 48 3300 0.0549855131573933 0.185350380023702 3350
"620" 12 49 3400 -0.0618540767965358 0.361587333556752 3450
"621" 12 50 3500 -0.0429175590397216 0.234528872809315 3550
"622" 12 51 3600 0.0761125965766107 0.361979500697138 3650
"623" 12 52 3700 0.0668839758622031 0.290927171914332 3750
"624" 12 53 3800 0.0169872071440227 -0.0322700705397782 3850
"625" 12 54 3900 -0.0683299536797321 -0.453095752398071 3950
"626" 12 55 4000 0.0640833516902453 -0.0432053346276935 4050
"627" 12 56 4100 -0.129511563049557 0.13013177333566 4150
"628" 12 57 4200 -0.112249529115084 -0.60100452421573 4250
"629" 12 58 4300 -0.23280281837368 -0.467719127502678 4350
"630" 12 59 4400 -0.131707187548231 -0.245807795862695 4450
"631" 13 14 50 0.974925694499574 0.902895511233963 50
"632" 13 15 100 0.894673827967907 0.783184072156659 150
"633" 13 16 150 0.826240290096882 0.752388687688952 150
"634" 13 17 200 0.706915818913745 0.63964259900885 250
"635" 13 18 250 0.632429365203142 0.348761746897393 250
"636" 13 19 350 0.559682293613992 0.521832595628952 350
"637" 13 20 450 0.472357994083111 0.350877241351562 450
"638" 13 21 550 0.348137208556835 0.20343002912657 550
"639" 13 22 650 0.28123485568491 0.134827315802085 650
"640" 13 23 750 0.304675651190092 0.11689253108555 750
"641" 13 24 850 0.27103213495042 0.0129959451451579 850
"642" 13 25 950 0.198013974753233 0.0508077010753893 950
"643" 13 26 1050 0.1942005900475 0.0857772102244146 1050
"644" 13 27 1150 0.141970270162732 0.379351182560041 1150
"645" 13 28 1250 0.17083248587488 0.407549964720144 1250
"646" 13 29 1350 0.152574214693074 0.420866811693487 1350
"647" 13 30 1450 0.206341300714018 0.225274951643018 1450
"648" 13 31 1550 0.174739442866175 0.383199237871689 1550
"649" 13 32 1650 0.235368283978484 0.285799872282557 1650
"650" 13 33 1750 0.224995600051969 0.203581333031613 1750
"651" 13 34 1850 0.142083859565211 0.186810222785371 1850
"652" 13 35 1950 0.32177408604881 0.183508709325981 1950
"653" 13 36 2050 0.224904194438288 0.189530366426566 2050
"654" 13 37 2150 0.230475138645262 0.0430745261924786 2150
"655" 13 38 2250 0.2071887807855 0.0193406750305284 2250
"656" 13 39 2350 0.147322713863096 0.0563884616606951 2350
"657" 13 40 2450 0.0996114585504756 0.00903904010017935 2450
"658" 13 41 2550 0.137459383081421 0.0150253183880299 2550
"659" 13 42 2650 0.199953481082972 0.00337631505055212 2650
"660" 13 43 2750 0.210349992268368 0.0128337924039654 2750
"661" 13 44 2850 0.0699079423452914 -0.180425175791514 2850
"662" 13 45 2950 0.231598712218196 -0.184148754908271 2950
"663" 13 46 3050 0.0661470502905129 -0.146374792108779 3050
"664" 13 47 3150 0.0848078301783626 0.524662856494934 3150
"665" 13 48 3250 0.00231515268151018 0.146888966205418 3250
"666" 13 49 3350 -0.164360653127637 0.373239618093359 3350
"667" 13 50 3450 -0.134155591112916 0.294018097603032 3450
"668" 13 51 3550 -0.0898456718450276 0.373400888657079 3550
"669" 13 52 3650 -0.0679645670962816 0.144903657617257 3650
"670" 13 53 3750 -0.0822686679792076 -0.0597804289410416 3750
"671" 13 54 3850 -0.0561107259005112 -0.168350061538893 3850
"672" 13 55 3950 -0.0117688106262234 0.00188984130176152 3950
"673" 13 56 4050 -0.190531008051653 -0.479250125305108 4050
"674" 13 57 4150 -0.193679124090355 -0.503074734771946 4150
"675" 13 58 4250 -0.350457706567848 -0.473085955423873 4250
"676" 13 59 4350 -0.260895906705856 -0.55364191733746 4350
"677" 14 15 50 0.948764994129276 0.912379056749219 50
"678" 14 16 100 0.879418952058472 0.890320883728562 150
"679" 14 17 150 0.800411390822995 0.665762912471527 150
"680" 14 18 200 0.66695664404491 0.429335865808109 250
"681" 14 19 300 0.598351907520825 0.700527100411014 350
"682" 14 20 400 0.478704610435517 0.667018713360649 450
"683" 14 21 500 0.326208340726938 0.425457801267357 550
"684" 14 22 600 0.289055891169604 0.18684079037027 650
"685" 14 23 700 0.296276692208042 0.163791548757866 750
"686" 14 24 800 0.256727328913696 0.105319964836958 850
"687" 14 25 900 0.186680231263613 0.0990781287732872 950
"688" 14 26 1000 0.18285118577643 0.205564096774786 1050
"689" 14 27 1100 0.111793295487325 0.215986964576449 1150
"690" 14 28 1200 0.1540591424083 0.10384468800937 1250
"691" 14 29 1300 0.18514605981847 0.077106233501311 1350
"692" 14 30 1400 0.224083041416929 -0.0880135260038799 1450
"693" 14 31 1500 0.216248924295582 0.0340447809341963 1550
"694" 14 32 1600 0.283108458355309 0.0126172798788546 1650
"695" 14 33 1700 0.293183224211024 0.0440458551859535 1750
"696" 14 34 1800 0.268169095681489 -0.0948791874572773 1850
"697" 14 35 1900 0.347426021892206 -0.0764685974594176 1950
"698" 14 36 2000 0.281350384020146 -0.0316756498992128 2050
"699" 14 37 2100 0.235696215805561 0.0190091516977206 2150
"700" 14 38 2200 0.192436264440144 -0.0217112991585305 2250
"701" 14 39 2300 0.229726153100481 -0.00238934670754138 2350
"702" 14 40 2400 0.273754243274564 0.00588422937915083 2450
"703" 14 41 2500 0.184706399152922 0.133323647179406 2550
"704" 14 42 2600 0.136068283981071 0.21018809708748 2650
"705" 14 43 2700 0.208836708473129 0.18341893653482 2750
"706" 14 44 2800 0.102362851578999 0.0745337859408908 2850
"707" 14 45 2900 0.171218057040579 -0.0318581642073818 2950
"708" 14 46 3000 -0.00447397158415563 0.0909786923704957 3050
"709" 14 47 3100 0.0997169158408528 0.464944683855612 3150
"710" 14 48 3200 -0.0450580834405235 0.145654215040149 3250
"711" 14 49 3300 -0.166423501618438 0.440410779504149 3350
"712" 14 50 3400 -0.194120704103397 0.373569482305415 3450
"713" 14 51 3500 -0.0537119685270503 0.552494741510783 3550
"714" 14 52 3600 -0.0519648984339204 0.385214276126308 3650
"715" 14 53 3700 -0.0848667747129729 0.0477338243633495 3750
"716" 14 54 3800 -0.129055617728642 -0.133913477876969 3850
"717" 14 55 3900 -0.0618905421516683 0.126320044639022 3950
"718" 14 56 4000 -0.263352550232439 0.251267478728398 4050
"719" 14 57 4100 -0.279204975748079 -0.336159273019266 4150
"720" 14 58 4200 -0.372083811483982 -0.261575553347395 4250
"721" 14 59 4300 -0.380386081890175 -0.434355999134723 4350
"722" 15 16 50 0.942422778221178 0.952227640930506 50
"723" 15 17 100 0.884997606221471 0.809248403452756 150
"724" 15 18 150 0.696779856405402 0.625241519433296 150
"725" 15 19 250 0.650388076949028 0.799822282192709 250
"726" 15 20 350 0.473064166215 0.624903088896762 350
"727" 15 21 450 0.36119944373463 0.0372072343991447 450
"728" 15 22 550 0.282046621075393 -0.172579136682881 550
"729" 15 23 650 0.27209638174461 -0.118835319973563 650
"730" 15 24 750 0.17863576546758 -0.144525703764403 750
"731" 15 25 850 0.191153062106327 -0.0537688117008473 850
"732" 15 26 950 0.222121326744485 0.0405628724956042 950
"733" 15 27 1050 0.225786214769647 0.076520131756763 1050
"734" 15 28 1150 0.266059728799571 0.0762733016101038 1150
"735" 15 29 1250 0.291565661773418 0.0625871145688925 1250
"736" 15 30 1350 0.401071329204675 -0.0254514353796267 1350
"737" 15 31 1450 0.293433497502442 0.124472743177015 1450
"738" 15 32 1550 0.401507363713798 0.112754313670806 1550
"739" 15 33 1650 0.306545738642501 0.146363661317766 1650
"740" 15 34 1750 0.27561764993808 0.126443487012092 1750
"741" 15 35 1850 0.33968989063065 0.157120644986048 1850
"742" 15 36 1950 0.31603722818149 0.135689974908272 1950
"743" 15 37 2050 0.263511844859278 0.138965562601905 2050
"744" 15 38 2150 0.253883762339963 0.0531638074987825 2150
"745" 15 39 2250 0.284731020658796 0.116313533671225 2250
"746" 15 40 2350 0.316908632696029 0.110939550518203 2350
"747" 15 41 2450 0.307869884889224 0.162513581696835 2450
"748" 15 42 2550 0.328961756772331 0.212447779342906 2550
"749" 15 43 2650 0.249812128955242 0.16022827376696 2650
"750" 15 44 2750 0.206285763114728 -0.0174263853986685 2750
"751" 15 45 2850 0.195351591134955 -0.204759214001892 2850
"752" 15 46 2950 0.0259479432394334 -0.213821979420129 2950
"753" 15 47 3050 0.185771398128511 0.623908496351746 3050
"754" 15 48 3150 -0.0423756464344195 0.221165174351309 3150
"755" 15 49 3250 -0.123172673474447 0.398977865382767 3250
"756" 15 50 3350 -0.179150962571737 0.466838025251233 3350
"757" 15 51 3450 -0.0351626841240875 0.816171799955018 3450
"758" 15 52 3550 -0.0363343545776725 0.527085772701658 3550
"759" 15 53 3650 -0.0983004456399629 0.0141827978080197 3650
"760" 15 54 3750 -0.205871564146269 -0.107585066650353 3750
"761" 15 55 3850 -0.0443994298173654 0.320267166706454 3850
"762" 15 56 3950 -0.317385629937299 0.344917560042945 3950
"763" 15 57 4050 -0.304940483963335 -0.134820106552768 4050
"764" 15 58 4150 -0.401312821847133 -0.317934928444365 4150
"765" 15 59 4250 -0.322099977998053 -0.239762032310166 4250
"766" 16 17 50 0.941893650406105 0.884078117746021 50
"767" 16 18 100 0.877390361077639 0.725199979710169 150
"768" 16 19 200 0.742888540379056 0.865350920331446 250
"769" 16 20 300 0.609924985056607 0.722824662967858 350
"770" 16 21 400 0.350614126125358 0.162648547065208 450
"771" 16 22 500 0.418508617246522 -0.075814477555456 550
"772" 16 23 600 0.373274535050996 -0.00082575324487525 650
"773" 16 24 700 0.31132000339375 -0.0241104241955388 750
"774" 16 25 800 0.249957440577206 0.0269331366403876 850
"775" 16 26 900 0.297355348857911 0.192929002760123 950
"776" 16 27 1000 0.296026720989697 0.128791849722539 1050
"777" 16 28 1100 0.349641265748866 0.0287293644256006 1150
"778" 16 29 1200 0.32416015308883 0.015930978652274 1250
"779" 16 30 1300 0.350131690410167 0.0780866547240093 1350
"780" 16 31 1400 0.224219958865388 0.156681965384633 1450
"781" 16 32 1500 0.323973945148497 0.0152566650024622 1550
"782" 16 33 1600 0.286335417313441 0.00300879278507805 1650
"783" 16 34 1700 0.397663501071763 0.0582049525456317 1750
"784" 16 35 1800 0.425757377507909 0.17422630509029 1850
"785" 16 36 1900 0.36519177573331 0.265114434935735 1950
"786" 16 37 2000 0.288214999049121 0.163872485947694 2050
"787" 16 38 2100 0.307585369942712 0.0735807024660604 2150
"788" 16 39 2200 0.26915508762874 0.12631294580032 2250
"789" 16 40 2300 0.319039830582032 0.169575670696726 2350
"790" 16 41 2400 0.273459353409149 0.212352467692561 2450
"791" 16 42 2500 0.245991068202259 0.243861516710173 2550
"792" 16 43 2600 0.314710440705726 0.200163544973219 2650
"793" 16 44 2700 0.266529216016413 0.0373505301673471 2750
"794" 16 45 2800 0.329347388379979 -0.190400335255338 2850
"795" 16 46 2900 0.14747550747086 -0.148595881774886 2950
"796" 16 47 3000 0.247149152766741 0.850188151090284 3050
"797" 16 48 3100 0.153716846211261 0.36469742854802 3150
"798" 16 49 3200 0.172835866139564 0.547656740283903 3250
"799" 16 50 3300 0.0461152804709116 0.548433521233326 3350
"800" 16 51 3400 0.221772927998235 0.65779499481252 3450
"801" 16 52 3500 0.225718253709559 0.490128595342652 3550
"802" 16 53 3600 0.103817226907411 0.0301867274538839 3650
"803" 16 54 3700 -0.170396578526741 -0.0733666282527331 3750
"804" 16 55 3800 0.0702416429934707 0.234061235996836 3850
"805" 16 56 3900 -0.278600112545195 -0.0194752809406699 3950
"806" 16 57 4000 -0.283873395605906 -0.386412894707531 4050
"807" 16 58 4100 -0.113760080798722 -0.430215927551926 4150
"808" 16 59 4200 -0.181814558549518 -0.521115951902624 4250
"809" 17 18 50 0.889688928967285 0.80220357739916 50
"810" 17 19 150 0.862423038648024 0.714558810669599 150
"811" 17 20 250 0.794645339636545 0.430929321200957 250
"812" 17 21 350 0.520527343979856 0.0548259415043739 350
"813" 17 22 450 0.536660526593312 0.0245161545676052 450
"814" 17 23 550 0.464093984486305 0.0963073710229061 550
"815" 17 24 650 0.339713205960787 0.159161290341669 650
"816" 17 25 750 0.303471264445955 0.325599102456392 750
"817" 17 26 850 0.337713409945362 0.365482200490565 850
"818" 17 27 950 0.298823474514466 0.284381885712836 950
"819" 17 28 1050 0.262857799329582 0.0507482154351747 1050
"820" 17 29 1150 0.309809649899753 0.312141608003411 1150
"821" 17 30 1250 0.372651494111738 0.379569362490026 1250
"822" 17 31 1350 0.264651518855271 0.410891224229664 1350
"823" 17 32 1450 0.504635644610169 0.503648118744219 1450
"824" 17 33 1550 0.29715384545329 0.288582325408453 1550
"825" 17 34 1650 0.270899905158595 0.315102080119424 1650
"826" 17 35 1750 0.314461992562149 0.210936563977628 1750
"827" 17 36 1850 0.259246806186297 0.228767648024419 1850
"828" 17 37 1950 0.227289336282569 0.0324160021130457 1950
"829" 17 38 2050 0.302336372399562 -0.070711983100329 2050
"830" 17 39 2150 0.170755576160847 0.0291274122107127 2150
"831" 17 40 2250 0.184491800059317 0.155184850001782 2250
"832" 17 41 2350 0.151405629882355 0.116931445364324 2350
"833" 17 42 2450 0.181269738511359 0.185457513047218 2450
"834" 17 43 2550 0.224513285695114 0.120228342521709 2550
"835" 17 44 2650 0.18258573028896 0.108135083695631 2650
"836" 17 45 2750 0.150641868143675 0.00635028607653416 2750
"837" 17 46 2850 0.0529045949510995 -0.027117031196965 2850
"838" 17 47 2950 0.134953228546205 0.629889613721932 2950
"839" 17 48 3050 -0.0862356640315799 0.0902739646754025 3050
"840" 17 49 3150 -0.0625263190496311 0.320059907038199 3150
"841" 17 50 3250 -0.202465710892989 0.272052820396264 3250
"842" 17 51 3350 -0.00243624303080638 0.663554115945121 3350
"843" 17 52 3450 0.0362503671448921 0.449904325828541 3450
"844" 17 53 3550 0.0464175333606463 0.0259489567218368 3550
"845" 17 54 3650 -0.237009928947416 -0.160573764252658 3650
"846" 17 55 3750 0.033539794852144 0.192483785247718 3750
"847" 17 56 3850 -0.269722704238734 0.273343570755059 3850
"848" 17 57 3950 -0.252649102827321 -0.329411154466107 3950
"849" 17 58 4050 -0.27531285096882 -0.499295508663856 4050
"850" 17 59 4150 -0.244599701466168 -0.479746843036593 4150
"851" 18 19 100 0.852964784046559 0.812618594693395 150
"852" 18 20 200 0.852879837098216 0.695352088630975 250
"853" 18 21 300 0.58088327247257 0.306022491423574 350
"854" 18 22 400 0.671823500652224 0.335102506957265 450
"855" 18 23 500 0.569464397887059 0.280767715704659 550
"856" 18 24 600 0.460646641306056 0.203752167087183 650
"857" 18 25 700 0.434262423195422 0.156799974919518 750
"858" 18 26 800 0.286565309853476 0.205601606694911 850
"859" 18 27 900 0.242081368249208 0.170586414941698 950
"860" 18 28 1000 0.192207938107955 0.0759251367401674 1050
"861" 18 29 1100 0.173398744799054 0.161014282224751 1150
"862" 18 30 1200 0.152657981567148 0.236189550486938 1250
"863" 18 31 1300 0.0939949032243924 0.229818169873491 1350
"864" 18 32 1400 0.228550777470646 0.173897572405713 1450
"865" 18 33 1500 0.122802618308082 0.0947157791234569 1550
"866" 18 34 1600 0.183583635325228 0.119507817646328 1650
"867" 18 35 1700 0.279978325397806 0.0914232173069878 1750
"868" 18 36 1800 0.120541771846539 0.0484970210070296 1850
"869" 18 37 1900 0.10145523220596 -0.0313759439270209 1950
"870" 18 38 2000 0.291589383030296 -0.0927722430955325 2050
"871" 18 39 2100 0.132833131632233 -0.0161747201733192 2150
"872" 18 40 2200 0.142864972276946 0.288408097765762 2250
"873" 18 41 2300 0.0900779681354696 0.178387962443926 2350
"874" 18 42 2400 0.272645314916995 0.317167599483325 2450
"875" 18 43 2500 0.421372267360224 0.216943834268562 2550
"876" 18 44 2600 0.41922479916956 0.125691857147408 2650
"877" 18 45 2700 0.466613635810992 -0.00217414737443868 2750
"878" 18 46 2800 0.374120039940619 -0.0478744870821653 2850
"879" 18 47 2900 0.162068048898611 0.3270386127444 2950
"880" 18 48 3000 0.397888003056396 -0.0130936828248486 3050
"881" 18 49 3100 0.487040303177354 0.191977603895693 3150
"882" 18 50 3200 0.179928780349585 0.229690549235449 3250
"883" 18 51 3300 0.419069542391327 0.515988062374937 3350
"884" 18 52 3400 0.472902371857043 0.160761919086743 3450
"885" 18 53 3500 0.3706811839879 -0.0708159116767232 3550
"886" 18 54 3600 -0.300913160805241 -0.123784597419323 3650
"887" 18 55 3700 0.0190916858783879 0.31212822096418 3750
"888" 18 56 3800 -0.277764546085357 -0.164386293898823 3850
"889" 18 57 3900 -0.301852037667744 -0.328606501089347 3950
"890" 18 58 4000 -0.313210529099564 -0.535129111394977 4050
"891" 18 59 4100 -0.152103149556565 0.0815520348735715 4150
"892" 19 20 100 0.933568595326184 0.929367463931934 150
"893" 19 21 200 0.758139285832541 0.571628973397652 250
"894" 19 22 300 0.680237752997345 0.198333975575122 350
"895" 19 23 400 0.573730415888332 0.160288434823464 450
"896" 19 24 500 0.473874951918427 0.111460300531779 550
"897" 19 25 600 0.445592803876642 0.0958288742252153 650
"898" 19 26 700 0.409510830060797 0.253063307212005 750
"899" 19 27 800 0.329639838772987 0.156710584866551 850
"900" 19 28 900 0.238008012697372 0.171262049094173 950
"901" 19 29 1000 0.219808300961158 0.0660024985160843 1050
"902" 19 30 1100 0.249104453152185 0.0940747173132063 1150
"903" 19 31 1200 0.23825169513626 0.136125609040282 1250
"904" 19 32 1300 0.364570321336248 0.184837557482383 1350
"905" 19 33 1400 0.263580380026191 0.235661290760181 1450
"906" 19 34 1500 0.196279372520585 0.268793016723723 1550
"907" 19 35 1600 0.2685978390157 0.275556151095621 1650
"908" 19 36 1700 0.222138189786197 0.400192994728286 1750
"909" 19 37 1800 0.203063956705639 0.195915587476874 1850
"910" 19 38 1900 0.196320105978896 0.20417850784969 1950
"911" 19 39 2000 0.198323459496819 0.250501393753997 2050
"912" 19 40 2100 0.185775139262432 0.313194958343568 2150
"913" 19 41 2200 0.200889152906983 0.235383772381108 2250
"914" 19 42 2300 0.230719404535389 0.272941037120079 2350
"915" 19 43 2400 0.109261954496482 0.266774197272075 2450
"916" 19 44 2500 0.159930235654926 0.281851969403668 2550
"917" 19 45 2600 0.0705056879544442 0.521297859327899 2650
"918" 19 46 2700 -0.0200096362615236 0.180506035741505 2750
"919" 19 47 2800 -0.00173109998388793 0.901840674107433 2850
"920" 19 48 2900 -0.228106826333314 0.254311981574669 2950
"921" 19 49 3000 -0.263472530106612 0.401928145825563 3050
"922" 19 50 3100 -0.279852012782547 0.377556785549028 3150
"923" 19 51 3200 -0.195838818245809 0.56015614201945 3250
"924" 19 52 3300 -0.156810470429645 0.193039672629559 3350
"925" 19 53 3400 -0.12160072701254 -0.0125037977734014 3450
"926" 19 54 3500 -0.290422361358248 -0.0620568149690316 3550
"927" 19 55 3600 -0.0995205788251154 0.132966971527325 3650
"928" 19 56 3700 -0.240091592342246 -0.0973414813670209 3750
"929" 19 57 3800 -0.267658569760175 -0.556464498804529 3850
"930" 19 58 3900 -0.386495704870405 -0.436749963330232 3950
"931" 19 59 4000 -0.203278265056915 -0.131989442025401 4050
"932" 20 21 100 0.957556110492143 0.876255994795369 150
"933" 20 22 200 0.835941040930685 0.479710535984243 250
"934" 20 23 300 0.694382412248476 0.391528419424428 350
"935" 20 24 400 0.581154814493872 0.411036788735079 450
"936" 20 25 500 0.490731137503839 0.271744021347625 550
"937" 20 26 600 0.358863917289779 0.366323083709823 650
"938" 20 27 700 0.35069979736431 0.268116953771749 750
"939" 20 28 800 0.199620198355856 0.134580971601322 850
"940" 20 29 900 0.197343802431846 -0.0259938587019838 950
"941" 20 30 1000 0.130887146007757 -0.057656433910729 1050
"942" 20 31 1100 0.146457755125888 -0.0551675923702073 1150
"943" 20 32 1200 0.274414818057862 -0.0744770243290163 1250
"944" 20 33 1300 0.211813710647514 0.088896279918055 1350
"945" 20 34 1400 0.0862810856535189 0.0755027889734793 1450
"946" 20 35 1500 0.230922359152593 0.148330260639496 1550
"947" 20 36 1600 0.175337267022741 0.279775668827415 1650
"948" 20 37 1700 0.253275469464115 0.188866340605442 1750
"949" 20 38 1800 0.186817701103633 0.173890146217927 1850
"950" 20 39 1900 0.147214998437518 0.210925347386493 1950
"951" 20 40 2000 0.0889924883986805 0.299669756067646 2050
"952" 20 41 2100 0.0914245067436529 0.222298886504701 2150
"953" 20 42 2200 0.161861906662927 0.265991189360912 2250
"954" 20 43 2300 0.136289876940211 0.279768161998938 2350
"955" 20 44 2400 0.126753279710734 0.0434317376432148 2450
"956" 20 45 2500 0.0440561031142131 -0.0474775123660256 2550
"957" 20 46 2600 -0.00228047229753222 0.101528788740959 2650
"958" 20 47 2700 -0.00271930176882907 0.820735586578264 2750
"959" 20 48 2800 -0.194261384056351 0.280112448169382 2850
"960" 20 49 2900 -0.292063651258811 0.193017020003621 2950
"961" 20 50 3000 -0.247167897622057 0.531257177969348 3050
"962" 20 51 3100 -0.191600722792364 -0.213608969898254 3150
"963" 20 52 3200 -0.16289017636507 -0.377864602341247 3250
"964" 20 53 3300 -0.00559756175972318 -0.0409229206530363 3350
"965" 20 54 3400 0.0597584746449011 0.0693557719163549 3450
"966" 20 55 3500 0.0528702938283633 0.071065033037346 3550
"967" 20 56 3600 0.0647156521769157 -0.148241889073635 3650
"968" 20 57 3700 0.0502857000147063 -0.465652549516194 3750
"969" 20 58 3800 -0.169533050005013 -0.447069685779441 3850
"970" 20 59 3900 -0.0558918848458809 -0.593977623367181 3950
"971" 21 22 100 0.932127651688251 0.838463936880025 150
"972" 21 23 200 0.829990243080016 0.735593042547804 250
"973" 21 24 300 0.679129362121608 0.638131851737967 350
"974" 21 25 400 0.616339125863491 0.404882381965796 450
"975" 21 26 500 0.453421975523829 0.427640315317908 550
"976" 21 27 600 0.408184858488804 0.418352018351909 650
"977" 21 28 700 0.271977659276187 0.15292874052412 750
"978" 21 29 800 0.204314995866544 0.036292487638098 850
"979" 21 30 900 0.165555036731758 -0.0418761520070493 950
"980" 21 31 1000 0.117995824162021 -0.0174484902340981 1050
"981" 21 32 1100 0.172219859683068 -0.0891014258643674 1150
"982" 21 33 1200 0.11990952844037 -0.177208695134536 1250
"983" 21 34 1300 0.106649803446549 -0.0717428798113052 1350
"984" 21 35 1400 0.207926192882451 0.0670853917408038 1450
"985" 21 36 1500 0.215455054312797 0.183748971557022 1550
"986" 21 37 1600 0.277600304469727 0.0534428670918163 1650
"987" 21 38 1700 0.2462183199616 0.0571422229186965 1750
"988" 21 39 1800 0.239844354009196 0.112786226593264 1850
"989" 21 40 1900 0.161336103515313 0.256021892682026 1950
"990" 21 41 2000 0.249908183818432 -0.0368819519458464 2050
"991" 21 42 2100 0.308052378561251 -0.00252220479227685 2150
"992" 21 43 2200 0.126017360167039 0.176396665806269 2250
"993" 21 44 2300 0.0436878513715951 -0.0410019242386902 2350
"994" 21 45 2400 0.0970007073021641 0.325459582355645 2450
"995" 21 46 2500 -0.0139555521651045 0.177543401683295 2550
"996" 21 47 2600 0.019744492366873 0.260497683050637 2650
"997" 21 48 2700 -0.238261232993031 0.289390002212846 2750
"998" 21 49 2800 -0.32610882125029 0.76608763728191 2850
"999" 21 50 2900 -0.290738495611306 0.0660476263785577 2950
"1000" 21 51 3000 -0.225837338226241 0.446271241318658 3050
"1001" 21 52 3100 -0.221151774433294 0.478554206699051 3150
"1002" 21 53 3200 0.0473628443834032 -0.0936866868875902 3250
"1003" 21 54 3300 0.249134691647592 0.15587833680423 3350
"1004" 21 55 3400 0.135251962482625 -0.133265291347047 3450
"1005" 21 56 3500 0.0622853279130708 -0.0756495957012528 3550
"1006" 21 57 3600 0.0900994913187043 -0.464318750294559 3650
"1007" 21 58 3700 0.0406623301374987 0.280227102543241 3750
"1008" 21 59 3800 0.0386847770736961 0.717390520543125 3850
"1009" 22 23 100 0.959199788298912 0.950650451948065 150
"1010" 22 24 200 0.923509545968239 0.871859775448402 250
"1011" 22 25 300 0.851263625202687 0.732081916079061 350
"1012" 22 26 400 0.751216108050804 0.684968284448913 450
"1013" 22 27 500 0.722884363153318 0.67839178886548 550
"1014" 22 28 600 0.653180054879182 0.339871351356097 650
"1015" 22 29 700 0.687047795909974 0.265947490412235 750
"1016" 22 30 800 0.307368838259392 0.104715012434511 850
"1017" 22 31 900 0.202711930428207 0.0950839694123328 950
"1018" 22 32 1000 0.27463541317513 0.012411047796787 1050
"1019" 22 33 1100 0.193513108665923 -0.165001938843454 1150
"1020" 22 34 1200 0.179008800667588 -0.0759780676415303 1250
"1021" 22 35 1300 0.218504847343602 -0.0111581574067773 1350
"1022" 22 36 1400 0.165910716717084 0.0515040772498719 1450
"1023" 22 37 1500 0.241871294064833 -0.340201410701617 1550
"1024" 22 38 1600 0.17925788921374 -0.316128409141543 1650
"1025" 22 39 1700 0.178149499146996 -0.298542806362375 1750
"1026" 22 40 1800 0.249829470701294 -0.150347300055538 1850
"1027" 22 41 1900 0.211592959272664 -0.0170464770671865 1950
"1028" 22 42 2000 0.166211736055019 -0.064222807540843 2050
"1029" 22 43 2100 0.15405216312599 -0.00234623753675835 2150
"1030" 22 44 2200 0.0721957281482696 -0.162562414484867 2250
"1031" 22 45 2300 0.253958080256033 0.0986781095509718 2350
"1032" 22 46 2400 0.144313905203592 0.0667612521729252 2450
"1033" 22 47 2500 0.231934897699922 0.170552835971865 2550
"1034" 22 48 2600 0.127940365129468 0.486249137857433 2650
"1035" 22 49 2700 -0.0529660533251063 0.531154879578313 2750
"1036" 22 50 2800 0.108239633534185 0.24845010896907 2850
"1037" 22 51 2900 0.0152353669844609 0.026324363989497 2950
"1038" 22 52 3000 -0.0123844218492478 0.29948092964736 3050
"1039" 22 53 3100 0.210796867041284 -0.133857152883725 3150
"1040" 22 54 3200 0.326218643923566 -0.0407952602162603 3250
"1041" 22 55 3300 0.336675577726686 -0.27637876990112 3350
"1042" 22 56 3400 0.425618795847351 0.00310538636350228 3450
"1043" 22 57 3500 0.478671663837696 -0.153640694393317 3550
"1044" 22 58 3600 0.327941538646732 0.271928847131589 3650
"1045" 22 59 3700 0.45764733505205 0.245203135229716 3750
"1046" 23 24 100 0.974345240617391 0.973481632440411 150
"1047" 23 25 200 0.914530042318259 0.900298332231705 250
"1048" 23 26 300 0.857352246806555 0.825290619594298 350
"1049" 23 27 400 0.813843774699957 0.769673020888906 450
"1050" 23 28 500 0.737556691194984 0.497492012906383 550
"1051" 23 29 600 0.713476931537712 0.436048763339097 650
"1052" 23 30 700 0.290938513276394 0.327025110055087 750
"1053" 23 31 800 0.163292271211994 0.299756902184145 850
"1054" 23 32 900 0.256949722333574 0.188171486040859 950
"1055" 23 33 1000 0.152394730990665 -0.013252783825794 1050
"1056" 23 34 1100 0.172942462181829 0.129903804269952 1150
"1057" 23 35 1200 0.191285741349927 0.160700293736556 1250
"1058" 23 36 1300 0.156070429259619 0.145793871078037 1350
"1059" 23 37 1400 0.206183617360439 -0.263093571355082 1450
"1060" 23 38 1500 0.25556677507894 -0.26122354650529 1550
"1061" 23 39 1600 0.235932838529584 -0.260892038159167 1650
"1062" 23 40 1700 0.290860657715852 -0.105082503961512 1750
"1063" 23 41 1800 0.324253754768191 -0.0472664750040864 1850
"1064" 23 42 1900 0.2992422278798 -0.0690019257400414 1950
"1065" 23 43 2000 0.273883089345954 -0.0433048485273985 2050
"1066" 23 44 2100 0.191150358526072 -0.0270056939509366 2150
"1067" 23 45 2200 0.469307315193746 0.342912475536309 2250
"1068" 23 46 2300 0.335683796048457 0.356172667553496 2350
"1069" 23 47 2400 0.458144427062932 -0.00954118385006576 2450
"1070" 23 48 2500 0.30696177875581 0.319774028352423 2550
"1071" 23 49 2600 0.305673309105192 0.295745677784157 2650
"1072" 23 50 2700 0.334848324299044 0.140368597809002 2750
"1073" 23 51 2800 0.340263962326667 0.193040224564338 2850
"1074" 23 52 2900 0.276161047151603 0.290934062391292 2950
"1075" 23 53 3000 0.331437581140582 -0.0451856212647805 3050
"1076" 23 54 3100 0.361508628903182 0.0787085668798142 3150
"1077" 23 55 3200 0.484520763656579 -0.261390576284134 3250
"1078" 23 56 3300 0.546485121866295 -0.0609913927752739 3350
"1079" 23 57 3400 0.556828491373963 -0.0288912588437287 3450
"1080" 23 58 3500 0.377630291299298 0.192264775799148 3550
"1081" 23 59 3600 0.493641345901764 0.229188318462417 3650
"1082" 24 25 100 0.963969148310669 0.9539120752613 150
"1083" 24 26 200 0.933678650454674 0.879600648872461 250
"1084" 24 27 300 0.887794205613771 0.786096743990647 350
"1085" 24 28 400 0.827336904778149 0.681932856751997 450
"1086" 24 29 500 0.771768462232472 0.608274194072196 550
"1087" 24 30 600 0.372666258485614 0.527385053725145 650
"1088" 24 31 700 0.213801644881485 0.480135818442765 750
"1089" 24 32 800 0.261669823610461 0.36300934337884 850
"1090" 24 33 900 0.150128878726724 0.0704513770598409 950
"1091" 24 34 1000 0.217162566483011 0.203025834151604 1050
"1092" 24 35 1100 0.272394251239657 0.214525663303806 1150
"1093" 24 36 1200 0.283705322100086 0.288306594210589 1250
"1094" 24 37 1300 0.276904858650431 -0.0820046639379307 1350
"1095" 24 38 1400 0.246130400384717 -0.0463639178260133 1450
"1096" 24 39 1500 0.239558206866473 -0.0159310422547528 1550
"1097" 24 40 1600 0.289744271763364 0.102232978860202 1650
"1098" 24 41 1700 0.387191427180245 -0.135064624907299 1750
"1099" 24 42 1800 0.310452650527349 -0.101898019918167 1850
"1100" 24 43 1900 0.335235167233838 -0.0654514113348688 1950
"1101" 24 44 2000 0.212193491897864 -0.0304808561386767 2050
"1102" 24 45 2100 0.470435819145376 0.283237586544005 2150
"1103" 24 46 2200 0.337305233163152 0.224935427261587 2250
"1104" 24 47 2300 0.535364398801993 -0.263543839530138 2350
"1105" 24 48 2400 0.323571367511646 0.113724452722633 2450
"1106" 24 49 2500 0.342657706684518 0.237841837053779 2550
"1107" 24 50 2600 0.365960489491177 -0.151458865307636 2650
"1108" 24 51 2700 0.394483657921871 0.166258780791107 2750
"1109" 24 52 2800 0.318654911915829 0.266308669225289 2850
"1110" 24 53 2900 0.244050376443254 -0.0225427888952909 2950
"1111" 24 54 3000 0.187550223551802 -0.108495637833461 3050
"1112" 24 55 3100 0.385245262437957 -0.304108564052783 3150
"1113" 24 56 3200 0.417056067278796 -0.19969795759122 3250
"1114" 24 57 3300 0.393024555812535 -0.1204679009617 3350
"1115" 24 58 3400 0.264439920627394 0.364894639005667 3450
"1116" 24 59 3500 0.332043857994284 0.266890635193736 3550
"1117" 25 26 100 0.983631152479193 0.962626119453644 150
"1118" 25 27 200 0.929907686509292 0.850748223516285 250
"1119" 25 28 300 0.880763609705071 0.767197774289296 350
"1120" 25 29 400 0.828815623344373 0.710403420549895 450
"1121" 25 30 500 0.601140208603515 0.610455193917982 550
"1122" 25 31 600 0.442366315425717 0.580131073676629 650
"1123" 25 32 700 0.450458463851197 0.522198055738062 750
"1124" 25 33 800 0.353340511582832 0.190860906167424 850
"1125" 25 34 900 0.421438516703418 0.280009149008547 950
"1126" 25 35 1000 0.439656112851496 0.262760526158149 1050
"1127" 25 36 1100 0.35213578187467 0.348927939813532 1150
"1128" 25 37 1200 0.263872681012107 -0.107313050774543 1250
"1129" 25 38 1300 0.25278286113786 -0.204123195974652 1350
"1130" 25 39 1400 0.201120955997981 -0.16898168446026 1450
"1131" 25 40 1500 0.253522421200096 0.0349552164392172 1550
"1132" 25 41 1600 0.413843570089746 0.00634291986813112 1650
"1133" 25 42 1700 0.33764096026518 -0.027843337253544 1750
"1134" 25 43 1800 0.31428972210992 -0.0158988001884655 1850
"1135" 25 44 1900 0.126837019231643 0.323137918471816 1950
"1136" 25 45 2000 0.387732988898101 0.385552646876843 2050
"1137" 25 46 2100 0.214720819299356 0.366159756276333 2150
"1138" 25 47 2200 0.424709858741017 -0.107244702245195 2250
"1139" 25 48 2300 0.160199185049264 0.238268894839517 2350
"1140" 25 49 2400 0.141805033826433 0.376484704903127 2450
"1141" 25 50 2500 0.214723997002027 0.105668103234067 2550
"1142" 25 51 2600 0.212840088059935 -0.062674515073658 2650
"1143" 25 52 2700 0.202683815667725 0.0526152211394822 2750
"1144" 25 53 2800 0.215418502104366 0.0605318575060976 2850
"1145" 25 54 2900 0.147394129862161 0.0673044365382807 2950
"1146" 25 55 3000 0.466623893958003 -0.335174174171781 3050
"1147" 25 56 3100 0.381196002601995 0.15477523989464 3150
"1148" 25 57 3200 0.35081832212223 -0.0768232689158405 3250
"1149" 25 58 3300 0.315925528047503 0.369204317370494 3350
"1150" 25 59 3400 0.350618701055467 0.351100114039446 3450
"1151" 26 27 100 0.963831755241694 0.899012318647156 150
"1152" 26 28 200 0.928112936396827 0.798444761540873 250
"1153" 26 29 300 0.8744058986526 0.727370582153086 350
"1154" 26 30 400 0.644265608369055 0.575327001113821 450
"1155" 26 31 500 0.425960587072074 0.55294489782931 550
"1156" 26 32 600 0.374093023304981 0.533497336054099 650
"1157" 26 33 700 0.256638863143979 0.0395684320134879 750
"1158" 26 34 800 0.292194004227202 0.279554741258986 850
"1159" 26 35 900 0.34405282295717 0.312992621027549 950
"1160" 26 36 1000 0.301477596577634 0.400598464039697 1050
"1161" 26 37 1100 0.348227194061674 -0.0557029610055402 1150
"1162" 26 38 1200 0.385735744720335 -0.121735229876404 1250
"1163" 26 39 1300 0.327559347352126 -0.101330941137492 1350
"1164" 26 40 1400 0.254835792872922 -0.00204310900374428 1450
"1165" 26 41 1500 0.457692595010619 -0.0229830846426473 1550
"1166" 26 42 1600 0.438002681781557 -0.0464094843023659 1650
"1167" 26 43 1700 0.276627633337703 -0.0164125315996871 1750
"1168" 26 44 1800 0.132794506760933 0.286345208192898 1850
"1169" 26 45 1900 0.35743998568807 0.325392493346202 1950
"1170" 26 46 2000 0.233115425578269 0.349283976902538 2050
"1171" 26 47 2100 0.4082488856621 -0.34517142887163 2150
"1172" 26 48 2200 0.21789937731189 0.245999949797177 2250
"1173" 26 49 2300 0.207855402479431 0.415006239256085 2350
"1174" 26 50 2400 0.200527793881573 0.121870601852354 2450
"1175" 26 51 2500 0.24361027720788 -0.0842159749945651 2550
"1176" 26 52 2600 0.204630487019525 0.0369128174953355 2650
"1177" 26 53 2700 0.0617199922223918 -0.0123494572558971 2750
"1178" 26 54 2800 -0.269850258474958 0.0252712475870335 2850
"1179" 26 55 2900 0.301204686768188 -0.387469618399518 2950
"1180" 26 56 3000 -0.0165254258032097 -0.184776542112407 3050
"1181" 26 57 3100 -0.00063557361112475 -0.123571809414824 3150
"1182" 26 58 3200 -0.0697537517140086 0.3578587176307 3250
"1183" 26 59 3300 0.238709939863074 0.384575924790582 3350
"1184" 27 28 100 0.978167819080058 0.945631730140031 150
"1185" 27 29 200 0.939126231631322 0.836491025372896 250
"1186" 27 30 300 0.748617879065309 0.649673780359876 350
"1187" 27 31 400 0.480689758577335 0.627678506312361 450
"1188" 27 32 500 0.3909745823404 0.532828693321745 550
"1189" 27 33 600 0.231895692284192 0.0570761357891429 650
"1190" 27 34 700 0.180018599305658 0.267674908412792 750
"1191" 27 35 800 0.318964490455854 0.28630752456152 850
"1192" 27 36 900 0.268064284677429 0.328732544280977 950
"1193" 27 37 1000 0.281866405381777 -0.0328956218640938 1050
"1194" 27 38 1100 0.254641099438464 -0.049895442585188 1150
"1195" 27 39 1200 0.161451595758249 -0.0384897369583294 1250
"1196" 27 40 1300 0.121647029986542 -0.0418016902906753 1350
"1197" 27 41 1400 0.390471812621585 0.0598205709349866 1450
"1198" 27 42 1500 0.482709441714323 0.0665254198940049 1550
"1199" 27 43 1600 0.36976077078114 0.0386479866513391 1650
"1200" 27 44 1700 0.128979054135669 0.146642789147315 1750
"1201" 27 45 1800 0.251952575343699 0.255001130577643 1850
"1202" 27 46 1900 0.232952444366529 0.250071021507195 1950
"1203" 27 47 2000 0.425088595543744 -0.214029792242991 2050
"1204" 27 48 2100 0.0413234443397699 0.284045139127769 2150
"1205" 27 49 2200 -0.00387121170442597 0.330761380342864 2250
"1206" 27 50 2300 0.0929245452578149 0.132544939912381 2350
"1207" 27 51 2400 0.118301584128727 0.0541829551467907 2450
"1208" 27 52 2500 0.0766598993702543 0.129083909000603 2550
"1209" 27 53 2600 -0.0179871632206722 0.0140416896707335 2650
"1210" 27 54 2700 -0.216544545204607 0.0752305662755284 2750
"1211" 27 55 2800 0.343239053013051 -0.242133842925942 2850
"1212" 27 56 2900 0.0508757511008702 -0.239603990670995 2950
"1213" 27 57 3000 0.0677945213877167 -0.167292766247433 3050
"1214" 27 58 3100 0.015077306403298 0.246210861506802 3150
"1215" 27 59 3200 0.251379949985076 0.433643656457481 3250
"1216" 28 29 100 0.970928651364369 0.899398389520137 150
"1217" 28 30 200 0.847224306023446 0.684134626217656 250
"1218" 28 31 300 0.635404909811576 0.678130644047181 350
"1219" 28 32 400 0.516762431016567 0.655613669255779 450
"1220" 28 33 500 0.324353029334642 0.417700931060052 550
"1221" 28 34 600 0.331996526997564 0.409399351966768 650
"1222" 28 35 700 0.44305330824122 0.258547940587609 750
"1223" 28 36 800 0.393685745617784 0.274832254031453 850
"1224" 28 37 900 0.444084662745864 -0.0172359163988438 950
"1225" 28 38 1000 0.380553936547881 -0.0508879015933575 1050
"1226" 28 39 1100 0.192966251327856 -0.0798290908569774 1150
"1227" 28 40 1200 0.217726196438106 -0.201863550908705 1250
"1228" 28 41 1300 0.414962978250268 -0.157387465106673 1350
"1229" 28 42 1400 0.19475051501204 -0.321337734416528 1450
"1230" 28 43 1500 0.0365461989284888 -0.360139106050133 1550
"1231" 28 44 1600 -0.186388060277762 -0.115529042907153 1650
"1232" 28 45 1700 0.115053969115804 -0.0880896449405099 1750
"1233" 28 46 1800 -0.0194732003473272 -0.0539492141844715 1850
"1234" 28 47 1900 0.296973127685599 -0.47207204513663 1950
"1235" 28 48 2000 -0.0292783589052215 0.194782995852478 2050
"1236" 28 49 2100 -0.100327319716234 0.279854974799481 2150
"1237" 28 50 2200 -0.0086808468819834 0.0908209647020575 2250
"1238" 28 51 2300 0.0301331090696144 0.0917156318408169 2350
"1239" 28 52 2400 -0.0112176651925319 0.166031814485286 2450
"1240" 28 53 2500 -0.0952306335717761 -0.278082228337439 2550
"1241" 28 54 2600 -0.30780828542981 0.0821792330487202 2650
"1242" 28 55 2700 0.330197940137994 -0.238174059597475 2750
"1243" 28 56 2800 0.00451165689185421 -0.341068279803392 2850
"1244" 28 57 2900 -0.0573893616485922 -0.0657830729532647 2950
"1245" 28 58 3000 -0.00699720552580504 0.248651268319258 3050
"1246" 28 59 3100 0.187290297901951 0.493807333712013 3150
"1247" 29 30 100 0.939308740737445 0.872721230619009 150
"1248" 29 31 200 0.784205567658684 0.796269717115507 250
"1249" 29 32 300 0.672757042131275 0.786030957102956 350
"1250" 29 33 400 0.433403174880052 0.41017256702647 450
"1251" 29 34 500 0.39072295480031 0.476430902069748 550
"1252" 29 35 600 0.517524792961161 0.283008939033279 650
"1253" 29 36 700 0.46018832708039 0.375963735610618 750
"1254" 29 37 800 0.485345103499127 0.101655245541796 850
"1255" 29 38 900 0.426161366753665 0.0556925860902632 950
"1256" 29 39 1000 0.153926328450411 0.0248209837201635 1050
"1257" 29 40 1100 0.279346750926345 -0.161726830795177 1150
"1258" 29 41 1200 0.389753230843034 0.00298736754377647 1250
"1259" 29 42 1300 0.310612328417599 -0.155714374861243 1350
"1260" 29 43 1400 0.0789042339336387 -0.184952810198335 1450
"1261" 29 44 1500 -0.105026089050196 0.266838967570481 1550
"1262" 29 45 1600 -0.0638221476942597 0.359541847909238 1650
"1263" 29 46 1700 -0.0510580711197435 0.476174913689478 1750
"1264" 29 47 1800 0.403071155416197 -0.327225966334583 1850
"1265" 29 48 1900 -0.214681150854027 0.267660566272108 1950
"1266" 29 49 2000 -0.208914228980654 0.192593619761237 2050
"1267" 29 50 2100 -0.264977646588499 0.296350558037043 2150
"1268" 29 51 2200 -0.156759196888627 -0.0359488984592199 2250
"1269" 29 52 2300 -0.0964611151407601 0.0293780778675479 2350
"1270" 29 53 2400 -0.0371607412020566 -0.0308157089211628 2450
"1271" 29 54 2500 -0.122746910871643 0.130770499710088 2550
"1272" 29 55 2600 0.399957073374972 -0.459040866624478 2650
"1273" 29 56 2700 -0.0283331495937501 -0.163728495627849 2750
"1274" 29 57 2800 -0.00418427227698824 -0.100459697999928 2850
"1275" 29 58 2900 0.366599365582802 0.0495270156227143 2950
"1276" 29 59 3000 0.235763929232909 0.525293352472025 3050
"1277" 30 31 100 0.944981645740435 0.955889284291971 150
"1278" 30 32 200 0.885097675920148 0.888317728584702 250
"1279" 30 33 300 0.66308766544267 0.485762058750582 350
"1280" 30 34 400 0.60676085538731 0.613568880982291 450
"1281" 30 35 500 0.631449691654396 0.472714380895548 550
"1282" 30 36 600 0.647728247638129 0.551541339693697 650
"1283" 30 37 700 0.678280365217907 0.251030586678439 750
"1284" 30 38 800 0.647293553791511 0.275188835921429 850
"1285" 30 39 900 0.478670486902784 0.232596213919555 950
"1286" 30 40 1000 0.529752005565773 -0.0990093361528434 1050
"1287" 30 41 1100 0.450635066356941 0.0506042881493808 1150
"1288" 30 42 1200 0.302042457693777 -0.113756550775751 1250
"1289" 30 43 1300 -0.00464987034028321 -0.229262502721686 1350
"1290" 30 44 1400 -0.155579460197052 0.371430836019384 1450
"1291" 30 45 1500 -0.0864342039337548 0.398351382106002 1550
"1292" 30 46 1600 -0.115148825332159 0.559827379020432 1650
"1293" 30 47 1700 0.426718516926066 -0.278988359922974 1750
"1294" 30 48 1800 -0.190189001576097 0.0924967551977249 1850
"1295" 30 49 1900 -0.191891359839578 -0.266567693037876 1950
"1296" 30 50 2000 -0.24905709151176 0.215537715412628 2050
"1297" 30 51 2100 -0.157715262649223 -0.228839447200297 2150
"1298" 30 52 2200 -0.120215658589956 -0.151468240242276 2250
"1299" 30 53 2300 -0.0515891431228856 -0.0916481173074988 2350
"1300" 30 54 2400 -0.19980323210624 0.461289280291544 2450
"1301" 30 55 2500 0.389629782288674 -0.232349101124937 2550
"1302" 30 56 2600 -0.043706793412343 0.270282712246849 2650
"1303" 30 57 2700 -0.0390862092173572 0.368169314348006 2750
"1304" 30 58 2800 0.235253834081259 0.14580587006667 2850
"1305" 30 59 2900 0.131988881657769 0.735448210912785 2950
"1306" 31 32 100 0.9716240442005 0.921863758612216 150
"1307" 31 33 200 0.840833067222566 0.520457142218831 250
"1308" 31 34 300 0.778671239055739 0.611607534806799 350
"1309" 31 35 400 0.757550314392758 0.477297185952617 450
"1310" 31 36 500 0.734153670642297 0.464845055807588 550
"1311" 31 37 600 0.691429425566301 0.204863862144253 650
"1312" 31 38 700 0.554827436477128 0.193527698067239 750
"1313" 31 39 800 0.424361094948742 0.152913921140375 850
"1314" 31 40 900 0.345911982771643 -0.150431854765671 950
"1315" 31 41 1000 0.126995920857768 0.0778685164836785 1050
"1316" 31 42 1100 -0.0141518207720331 -0.0658880793169951 1150
"1317" 31 43 1200 -0.194911979475364 -0.18057216840268 1250
"1318" 31 44 1300 -0.252596648919271 0.284495647072135 1350
"1319" 31 45 1400 -0.286107682032429 0.159251180067249 1450
"1320" 31 46 1500 -0.19417102487394 0.411094087172426 1550
"1321" 31 47 1600 0.282511982967175 0.0168286110296231 1650
"1322" 31 48 1700 -0.215252336878682 -0.095443997289129 1750
"1323" 31 49 1800 -0.213525316602444 -0.473509917077996 1850
"1324" 31 50 1900 -0.239489664846718 0.227627709264018 1950
"1325" 31 51 2000 -0.174998046419761 -0.0634495357151928 2050
"1326" 31 52 2100 -0.138062337417497 -0.155468071428822 2150
"1327" 31 53 2200 -0.0789715836871339 -0.247661535055637 2250
"1328" 31 54 2300 -0.230309642366689 0.0214123660457835 2350
"1329" 31 55 2400 0.273194157374828 -0.0915849419807938 2450
"1330" 31 56 2500 -0.107149261875527 0.182001267711611 2550
"1331" 31 57 2600 -0.146639402730604 0.257916879398355 2650
"1332" 31 58 2700 0.149345335478363 -0.471312854732192 2750
"1333" 31 59 2800 -0.016828897116232 0.520899533202505 2850
"1334" 32 33 100 0.89733677213438 0.751279453512917 150
"1335" 32 34 200 0.785738569284869 0.824218262115856 250
"1336" 32 35 300 0.74090455944867 0.668805763469853 350
"1337" 32 36 400 0.758256194954782 0.728130602459589 450
"1338" 32 37 500 0.723679248819159 0.729521207320643 550
"1339" 32 38 600 0.590359242235949 0.676330977325106 650
"1340" 32 39 700 0.483975032842273 0.628683216312864 750
"1341" 32 40 800 0.580232452974265 -0.033202849023316 850
"1342" 32 41 900 0.304285003501736 0.179349749016112 950
"1343" 32 42 1000 0.232147543638128 -0.0160177818377264 1050
"1344" 32 43 1100 -0.0338443842825872 -0.0939612742065744 1150
"1345" 32 44 1200 -0.0991923586450195 0.122958292303079 1250
"1346" 32 45 1300 -0.141285524536996 0.293294820400726 1350
"1347" 32 46 1400 -0.0748462253334385 0.512537891377588 1450
"1348" 32 47 1500 0.0899690541275708 0.120925399969327 1550
"1349" 32 48 1600 -0.240058714738687 0.220679592230413 1650
"1350" 32 49 1700 -0.224338233419696 0.100661650620707 1750
"1351" 32 50 1800 -0.199244237712604 0.28774934722336 1850
"1352" 32 51 1900 -0.201507092324905 0.138112222626082 1950
"1353" 32 52 2000 -0.163653292941435 0.176368300577891 2050
"1354" 32 53 2100 -0.16884249273355 0.135106339209134 2150
"1355" 32 54 2200 -0.0979911837843476 0.375967149921854 2250
"1356" 32 55 2300 0.235695056894627 -0.376001581796982 2350
"1357" 32 56 2400 0.124470577354112 -0.517805675244268 2450
"1358" 32 57 2500 0.0258746122653893 -0.38657821267299 2550
"1359" 32 58 2600 -0.000163705881342882 -0.189941239813783 2650
"1360" 32 59 2700 -0.0627909539699238 0.603320866932564 2750
"1361" 33 34 100 0.949470229261865 0.960614719546829 150
"1362" 33 35 200 0.903259859525661 0.834191622082152 250
"1363" 33 36 300 0.845946035818648 0.784846233568891 350
"1364" 33 37 400 0.784654196641349 0.901195683625989 450
"1365" 33 38 500 0.537382123707938 0.804238447199646 550
"1366" 33 39 600 0.432634156872725 0.7401988669034 650
"1367" 33 40 700 0.47113961425274 0.422237215700248 750
"1368" 33 41 800 0.194332806977382 0.313271555262787 850
"1369" 33 42 900 0.148873318474891 0.094858845712535 950
"1370" 33 43 1000 -0.160653295580857 -0.00668615993309509 1050
"1371" 33 44 1100 -0.229099526479946 0.0786148242351481 1150
"1372" 33 45 1200 -0.195769665160903 0.253652243951171 1250
"1373" 33 46 1300 -0.140042835485659 0.551703939062906 1350
"1374" 33 47 1400 0.142903744325374 0.412473939934871 1450
"1375" 33 48 1500 -0.232961864094065 0.394677312432026 1550
"1376" 33 49 1600 -0.150758035790461 0.404624245617216 1650
"1377" 33 50 1700 -0.135811978785371 0.342751191403141 1750
"1378" 33 51 1800 -0.127173417714504 0.178470193023682 1850
"1379" 33 52 1900 -0.104639971779374 0.35651648704434 1950
"1380" 33 53 2000 -0.202722625251161 0.454734506135644 2050
"1381" 33 54 2100 -0.0406772806844991 0.469016583520085 2150
"1382" 33 55 2200 0.262913865984177 0.12775182195597 2250
"1383" 33 56 2300 0.118956733158311 -0.182123156472184 2350
"1384" 33 57 2400 -0.00907781218232777 -0.257590945530225 2450
"1385" 33 58 2500 -0.0175319866557415 -0.155564291292565 2550
"1386" 33 59 2600 0.0013399691990191 -0.186448791243878 2650
"1387" 34 35 100 0.957981394184532 0.951638094515447 150
"1388" 34 36 200 0.896899593307103 0.890825413778796 250
"1389" 34 37 300 0.885958306146244 0.899973011865897 350
"1390" 34 38 400 0.708541121360591 0.808984181232407 450
"1391" 34 39 500 0.597007058724698 0.725555654984096 550
"1392" 34 40 600 0.633382481597009 0.371337690669888 650
"1393" 34 41 700 0.364206869514165 0.275796184234817 750
"1394" 34 42 800 0.202665356944147 0.041666381423301 850
"1395" 34 43 900 -0.0695916963164812 -0.0541060064722332 950
"1396" 34 44 1000 -0.131183276653719 0.0307909536995022 1050
"1397" 34 45 1100 -0.00275000374919324 0.214010913340851 1150
"1398" 34 46 1200 -0.0286899650166571 0.465764144414974 1250
"1399" 34 47 1300 0.472422507025149 0.0871930361379623 1350
"1400" 34 48 1400 0.0422392562608608 0.472537838878445 1450
"1401" 34 49 1500 0.210505790496539 0.703173862406023 1550
"1402" 34 50 1600 0.116641226383691 0.206930488681819 1650
"1403" 34 51 1700 0.263453536879692 0.470856386468408 1750
"1404" 34 52 1800 0.280366639554695 0.574339244126331 1850
"1405" 34 53 1900 0.0788805229900442 0.259851716921088 1950
"1406" 34 54 2000 -0.24188722501934 0.212239828745897 2050
"1407" 34 55 2100 0.436371145430243 -0.0799939542760357 2150
"1408" 34 56 2200 -0.0716387601781554 -0.563372169704681 2250
"1409" 34 57 2300 -0.196864300922579 -0.400116868241837 2350
"1410" 34 58 2400 0.153177902764105 0.034370107579738 2450
"1411" 34 59 2500 0.182245849901905 -0.0706918041832107 2550
"1412" 35 36 100 0.948664738903768 0.964752071434185 150
"1413" 35 37 200 0.932006604344942 0.911009321775716 250
"1414" 35 38 300 0.774861031464093 0.838174411606896 350
"1415" 35 39 400 0.619902582273026 0.764844062749953 450
"1416" 35 40 500 0.573728518918275 0.641825052332275 550
"1417" 35 41 600 0.489437695456794 0.318820981202609 650
"1418" 35 42 700 0.36782539479845 0.0581846063377563 750
"1419" 35 43 800 0.0582325181212194 -0.0487776018455962 850
"1420" 35 44 900 -0.0758395469972226 0.0127049045838672 950
"1421" 35 45 1000 0.0302726752271812 0.180744522129076 1050
"1422" 35 46 1100 -0.0637512909875346 0.566212570299435 1150
"1423" 35 47 1200 0.480214403033684 0.181705606876371 1250
"1424" 35 48 1300 -0.051570889999174 0.189664409631718 1350
"1425" 35 49 1400 0.12081366413303 0.444032057649256 1450
"1426" 35 50 1500 0.0633065250004736 0.164214707215569 1550
"1427" 35 51 1600 0.186141630317265 0.214689268020157 1650
"1428" 35 52 1700 0.212792441191745 0.114068673478406 1750
"1429" 35 53 1800 0.0741396592822976 -0.230861097886505 1850
"1430" 35 54 1900 -0.164514852887794 -0.0656596037207429 1950
"1431" 35 55 2000 0.483580827868843 -0.356550477530942 2050
"1432" 35 56 2100 -0.0165067902357552 -0.434338333490126 2150
"1433" 35 57 2200 -0.158218109813851 -0.360011472742304 2250
"1434" 35 58 2300 0.207573828874061 -0.356958919491429 2350
"1435" 35 59 2400 0.236393491232561 -0.282778033420214 2450
"1436" 36 37 100 0.990483867682445 0.959823512136021 150
"1437" 36 38 200 0.924759429258142 0.923786845345891 250
"1438" 36 39 300 0.779567205263568 0.878922701496382 350
"1439" 36 40 400 0.795645462739841 0.881242875622283 450
"1440" 36 41 500 0.662627420051393 0.359613122233006 550
"1441" 36 42 600 0.482125247162827 0.13930485584834 650
"1442" 36 43 700 0.0988927854025626 0.0346168019677991 750
"1443" 36 44 800 0.00933904457396855 0.0477907807699944 850
"1444" 36 45 900 0.0952199851848783 0.192695831020125 950
"1445" 36 46 1000 -0.000144365033461689 0.572419137406031 1050
"1446" 36 47 1100 0.504733504219721 0.310008766118023 1150
"1447" 36 48 1200 0.0601815906366265 0.160262727243721 1250
"1448" 36 49 1300 0.281163970091688 0.04679592651979 1350
"1449" 36 50 1400 0.209620528411339 0.0959132927490514 1450
"1450" 36 51 1500 0.338144421914121 0.222110859925422 1550
"1451" 36 52 1600 0.3557549632157 -0.189606510712687 1650
"1452" 36 53 1700 0.169374593216153 -0.388802903291596 1750
"1453" 36 54 1800 -0.00911857394996368 -0.283359771405911 1850
"1454" 36 55 1900 0.593602541660908 -0.40544080755437 1950
"1455" 36 56 2000 0.126316410735311 -0.299105382371313 2050
"1456" 36 57 2100 0.00613533002364492 -0.494225465385964 2150
"1457" 36 58 2200 0.302787316585507 -0.227721770867424 2250
"1458" 36 59 2300 0.320177940576449 0.088218007718863 2350
"1459" 37 38 100 0.930885422816552 0.984087407483491 150
"1460" 37 39 200 0.797806785689782 0.953622830813586 250
"1461" 37 40 300 0.739616275684764 0.91356447576894 350
"1462" 37 41 400 0.640701700035942 0.607406548638446 450
"1463" 37 42 500 0.443098280026972 0.384409924339266 550
"1464" 37 43 600 0.0976079745391824 0.349844119556307 650
"1465" 37 44 700 0.016731528411086 0.226238360795197 750
"1466" 37 45 800 0.0691792371436233 0.327824605045747 850
"1467" 37 46 900 -0.0105813893356673 0.777821345465247 950
"1468" 37 47 1000 0.474946479812126 0.275611881846569 1050
"1469" 37 48 1100 0.017836477979928 0.648067998940604 1150
"1470" 37 49 1200 0.243614962504403 0.490028731409956 1250
"1471" 37 50 1300 0.185857029823397 0.564465198779157 1350
"1472" 37 51 1400 0.31736252476415 0.253793619121772 1450
"1473" 37 52 1500 0.324356059973943 -0.095982951079978 1550
"1474" 37 53 1600 0.212669860491973 -0.36551769991232 1650
"1475" 37 54 1700 0.0627171866485521 0.229239728568841 1750
"1476" 37 55 1800 0.596250877668776 -0.390421255699452 1850
"1477" 37 56 1900 0.127805125929441 -0.0695581998167791 1950
"1478" 37 57 2000 0.0183099478516722 -0.131261077815734 2050
"1479" 37 58 2100 0.360887070845371 -0.312371527106762 2150
"1480" 37 59 2200 0.384508823205542 -0.0742926945316024 2250
"1481" 38 39 100 0.921320350235234 0.989843325107245 150
"1482" 38 40 200 0.861786649485752 0.955234461634281 250
"1483" 38 41 300 0.79039606078723 0.709750108140974 350
"1484" 38 42 400 0.677035658621796 0.510224197787959 450
"1485" 38 43 500 0.409827841125425 0.472876801367092 550
"1486" 38 44 600 0.433708141526178 0.228454016908684 650
"1487" 38 45 700 0.513145535655596 0.352847089405329 750
"1488" 38 46 800 0.355069143417918 0.765952568864297 850
"1489" 38 47 900 0.682285697140893 0.192241552442823 950
"1490" 38 48 1000 0.514255948852624 0.548203494057524 1050
"1491" 38 49 1100 0.803446910401012 0.627873483461517 1150
"1492" 38 50 1200 0.550405971992058 0.53871343709643 1250
"1493" 38 51 1300 0.769958596323957 0.41376631443008 1350
"1494" 38 52 1400 0.808978895871323 0.311232789010903 1450
"1495" 38 53 1500 0.607230412882347 -0.111597726553005 1550
"1496" 38 54 1600 0.181528138228827 0.292969734336739 1650
"1497" 38 55 1700 0.652502205716935 -0.226316261691396 1750
"1498" 38 56 1800 0.182401457612224 -0.0388906771418147 1850
"1499" 38 57 1900 0.117443829130549 0.0672588146721383 1950
"1500" 38 58 2000 0.409698516272875 -0.0852639168862606 2050
"1501" 38 59 2100 0.330214650997607 -0.0812983320140654 2150
"1502" 39 40 100 0.957926917425362 0.984735863431858 150
"1503" 39 41 200 0.912650117977187 0.77644361159824 250
"1504" 39 42 300 0.839688337757615 0.598012467703605 350
"1505" 39 43 400 0.539259457417844 0.489152443663092 450
"1506" 39 44 500 0.655695024374808 0.125118890953985 550
"1507" 39 45 600 0.65449189295281 0.326816513072019 650
"1508" 39 46 700 0.478592793994608 0.786399444124628 750
"1509" 39 47 800 0.841128560666424 0.323246973195407 850
"1510" 39 48 900 0.750895860344992 0.292344344155951 950
"1511" 39 49 1000 0.868707317026648 0.0838641664949364 1050
"1512" 39 50 1100 0.674412959294164 0.483859032568159 1150
"1513" 39 51 1200 0.813643193487575 0.372535874750411 1250
"1514" 39 52 1300 0.82801680571439 0.127790938933966 1350
"1515" 39 53 1400 0.575731715275363 -0.160326866193668 1450
"1516" 39 54 1500 0.126476123698608 0.136333086374975 1550
"1517" 39 55 1600 0.404443482147644 -0.23760490341742 1650
"1518" 39 56 1700 -0.00617262600210767 0.0731522842714686 1750
"1519" 39 57 1800 -0.0435923605147129 0.0551973100592823 1850
"1520" 39 58 1900 0.117486877317563 -0.0485005677010944 1950
"1521" 39 59 2000 0.0770645096667482 -0.0106250376023879 2050
"1522" 40 41 100 0.963298052991492 0.977390878318367 150
"1523" 40 42 200 0.903384535153945 0.943423074786727 250
"1524" 40 43 300 0.724607756175412 0.908933659674784 350
"1525" 40 44 400 0.808005713262543 0.6768368619228 450
"1526" 40 45 500 0.821562976466433 0.932783066569101 550
"1527" 40 46 600 0.605344983412001 0.851079497997943 650
"1528" 40 47 700 0.787480187233383 0.737824610756532 750
"1529" 40 48 800 0.655508944784123 0.715921080211741 850
"1530" 40 49 900 0.779588048470445 0.373962358156568 950
"1531" 40 50 1000 0.602134280813119 0.746653037204753 1050
"1532" 40 51 1100 0.76187949275628 0.286020014686704 1150
"1533" 40 52 1200 0.794337709476875 0.109362675826749 1250
"1534" 40 53 1300 0.578288638004835 0.0256998535719006 1350
"1535" 40 54 1400 0.202754990371369 0.643128728199509 1450
"1536" 40 55 1500 0.527847784539696 0.0149829973107767 1550
"1537" 40 56 1600 0.0611619308776362 0.79790340000414 1650
"1538" 40 57 1700 -0.0499442556458582 0.450335347280557 1750
"1539" 40 58 1800 0.200926198617327 0.299185585754396 1850
"1540" 40 59 1900 0.144123203509983 0.329538691447968 1950
"1541" 41 42 100 0.924041210655617 0.911593462953976 150
"1542" 41 43 200 0.780655289076433 0.882017630469434 250
"1543" 41 44 300 0.725454774614502 0.302482501216492 350
"1544" 41 45 400 0.716651772460876 0.820805022311806 450
"1545" 41 46 500 0.543353197243841 0.746632156499245 550
"1546" 41 47 600 0.820544462737613 0.642565310544422 650
"1547" 41 48 700 0.536922974650642 0.353550584182783 750
"1548" 41 49 800 0.640784977642632 -0.510639497110374 850
"1549" 41 50 900 0.602580378555069 0.412697502017317 950
"1550" 41 51 1000 0.727022107922924 0.101715559878512 1050
"1551" 41 52 1100 0.693496986473009 -0.0996063111592786 1150
"1552" 41 53 1200 0.587411542583139 0.0646647659242943 1250
"1553" 41 54 1300 0.431768136525416 0.335119878111119 1350
"1554" 41 55 1400 0.67967600207006 -0.243048928585337 1450
"1555" 41 56 1500 0.234568848327621 0.74747775311441 1550
"1556" 41 57 1600 0.105736223817147 0.189383164157906 1650
"1557" 41 58 1700 0.284972242155273 0.0646061743579479 1750
"1558" 41 59 1800 0.199332114197711 0.302830333502871 1850
"1559" 42 43 100 0.91189973598031 0.98473573905532 150
"1560" 42 44 200 0.890218184902257 0.645495184790305 250
"1561" 42 45 300 0.878540701299137 0.866710866555849 350
"1562" 42 46 400 0.798633511825273 0.796438601291025 450
"1563" 42 47 500 0.825492368988618 0.674226277883705 550
"1564" 42 48 600 0.772054771222542 0.2929672766593 650
"1565" 42 49 700 0.851533703416561 -0.141056064234604 750
"1566" 42 50 800 0.765692029181804 0.354015196940204 850
"1567" 42 51 900 0.843376473613978 0.0648263062940551 950
"1568" 42 52 1000 0.851637530620537 -0.142749077088299 1050
"1569" 42 53 1100 0.724962868689026 -0.123415652727821 1150
"1570" 42 54 1200 0.420620210704672 -0.114378582187818 1250
"1571" 42 55 1300 0.58076408923139 -0.71720041677339 1350
"1572" 42 56 1400 0.181736627105223 0.631928606082415 1450
"1573" 42 57 1500 0.107472698426754 -0.24969945890724 1550
"1574" 42 58 1600 0.250442366183048 -0.201813813457801 1650
"1575" 42 59 1700 0.173279629330246 0.0949351550375579 1750
"1576" 43 44 100 0.962384731909948 0.900671012243181 150
"1577" 43 45 200 0.949235117085626 0.964244903172837 250
"1578" 43 46 300 0.901583990857732 0.899435201095483 350
"1579" 43 47 400 0.801241637473607 0.125396481338985 450
"1580" 43 48 500 0.814826114707572 -0.175432819761087 550
"1581" 43 49 600 0.717803889812842 -0.370688078628527 650
"1582" 43 50 700 0.698882649216382 -0.0828552776980474 750
"1583" 43 51 800 0.693482336264721 -0.0823786768022995 850
"1584" 43 52 900 0.67467025965604 -0.346284479812575 950
"1585" 43 53 1000 0.514911732263057 -0.143615593995968 1050
"1586" 43 54 1100 0.318868146502098 -0.296882031271452 1150
"1587" 43 55 1200 0.419964919792894 -0.366382347625335 1250
"1588" 43 56 1300 0.12276224479428 -0.339666359085873 1350
"1589" 43 57 1400 0.0572093816220449 -0.235442237446402 1450
"1590" 43 58 1500 0.0168643428983562 0.0226098162855811 1550
"1591" 43 59 1600 -0.0723957489835599 0.323993411685625 1650
"1592" 44 45 100 0.959119525666287 0.961348762883412 150
"1593" 44 46 200 0.920923887109682 0.961460398728513 250
"1594" 44 47 300 0.824744815277429 0.490610581967932 350
"1595" 44 48 400 0.860097330563298 0.0329622468952982 450
"1596" 44 49 500 0.780996622457214 -0.348019067875217 550
"1597" 44 50 600 0.731879702147216 0.25679561360936 650
"1598" 44 51 700 0.684348411934855 0.0100117484972638 750
"1599" 44 52 800 0.673807767043425 -0.139301135671032 850
"1600" 44 53 900 0.496096462321727 0.0711599565482961 950
"1601" 44 54 1000 0.265495795666983 -0.312688438392749 1050
"1602" 44 55 1100 0.119909496995434 -0.133090503120638 1150
"1603" 44 56 1200 0.04657129107248 0.664511952873592 1250
"1604" 44 57 1300 -0.012822995130675 0.163328884349523 1350
"1605" 44 58 1400 -0.0525581879105418 0.0806229110294253 1450
"1606" 44 59 1500 -0.131395185138066 0.233681949633025 1550
"1607" 45 46 100 0.965748687983226 0.977882671886492 150
"1608" 45 47 200 0.915980205454144 0.773480913736109 250
"1609" 45 48 300 0.914615461626508 0.732115436944833 350
"1610" 45 49 400 0.870468749728977 0.665936228272099 450
"1611" 45 50 500 0.817460317633019 0.400198138416979 550
"1612" 45 51 600 0.779231044490194 -0.105396756830718 650
"1613" 45 52 700 0.769541091823138 0.345545269763375 750
"1614" 45 53 800 0.577570322097204 0.150636410696249 850
"1615" 45 54 900 0.344313617450356 0.327401327723204 950
"1616" 45 55 1000 0.377781279909196 -0.0478096810742176 1050
"1617" 45 56 1100 0.241826046390292 0.565083343779722 1150
"1618" 45 57 1200 0.171004494439354 -0.0245718660329665 1250
"1619" 45 58 1300 0.101764586387319 0.466794824705242 1350
"1620" 45 59 1400 0.0669698215324796 0.400818408108243 1450
"1621" 46 47 100 0.935124666956251 0.793317195862517 150
"1622" 46 48 200 0.933704873655374 0.84561456156401 250
"1623" 46 49 300 0.911938057785487 0.353854071924997 350
"1624" 46 50 400 0.845700973360789 0.776922180097476 450
"1625" 46 51 500 0.822236589828731 -0.239775918731328 550
"1626" 46 52 600 0.822014417781565 -0.242880357512921 650
"1627" 46 53 700 0.64943486318504 -0.408165011300784 750
"1628" 46 54 800 0.534684975791845 0.585613151806493 850
"1629" 46 55 900 0.38673151779739 -0.134760562060589 950
"1630" 46 56 1000 0.349075110294681 0.698103801353597 1050
"1631" 46 57 1100 0.315848434603499 0.513320862427025 1150
"1632" 46 58 1200 0.200211086663985 0.246999843522341 1250
"1633" 46 59 1300 0.108297350796937 0.270402789181651 1350
"1634" 47 48 100 0.970185110214042 0.970624777234044 150
"1635" 47 49 200 0.965026321047714 0.901052476584374 250
"1636" 47 50 300 0.908995024576196 0.786012707986988 350
"1637" 47 51 400 0.887008240069823 -0.00272396602564909 450
"1638" 47 52 500 0.851259823665228 0.0221861547024726 550
"1639" 47 53 600 0.559626907969957 0.220004267950395 650
"1640" 47 54 700 0.497904557205999 0.198513514215655 750
"1641" 47 55 800 0.401767232207726 0.273837758300013 850
"1642" 47 56 900 0.342319714545567 0.15613393463121 950
"1643" 47 57 1000 0.255038918177779 -0.301940548863051 1050
"1644" 47 58 1100 0.227475422792268 -0.313577653487882 1150
"1645" 47 59 1200 0.140712009782346 -0.359556612102622 1250
"1646" 48 49 100 0.950790390109099 0.970970408914299 150
"1647" 48 50 200 0.932546622315101 0.844488655593763 250
"1648" 48 51 300 0.910661787994295 0.770041639195369 350
"1649" 48 52 400 0.893836838423762 0.751401150170421 450
"1650" 48 53 500 0.633635662868732 0.336394055442077 550
"1651" 48 54 600 0.557952132537983 0.750400500192608 650
"1652" 48 55 700 0.381759402867645 0.233030729028611 750
"1653" 48 56 800 0.343887271317135 0.253910452956045 850
"1654" 48 57 900 0.282847362357365 0.0734479236864843 950
"1655" 48 58 1000 0.246019142699393 0.185153939005754 1050
"1656" 48 59 1100 0.140777972864725 -0.026260654015066 1150
"1657" 49 50 100 0.986127689902057 0.856870178011331 150
"1658" 49 51 200 0.979010214335735 0.813312429820343 250
"1659" 49 52 300 0.962249486555271 0.810940934887823 350
"1660" 49 53 400 0.703545727732626 0.429832742162203 450
"1661" 49 54 500 0.598846523693697 0.66786445757567 550
"1662" 49 55 600 0.53665030479183 0.205141842903737 650
"1663" 49 56 700 0.467423333079965 -0.652878530253839 750
"1664" 49 57 800 0.392242470683056 -0.314246896880683 850
"1665" 49 58 900 0.423001465784395 0.187319024657974 950
"1666" 49 59 1000 0.332487845773561 -0.0946200590386782 1050
"1667" 50 51 100 0.99529134417395 0.958092711019985 150
"1668" 50 52 200 0.97874660234198 0.878715073415331 250
"1669" 50 53 300 0.741592934783681 0.612738618016779 350
"1670" 50 54 400 0.767774000385266 0.80173484647701 450
"1671" 50 55 500 0.573813993069234 0.247367109599779 550
"1672" 50 56 600 0.562496006066545 0.272338901295736 650
"1673" 50 57 700 0.491721055859882 0.149954125399563 750
"1674" 50 58 800 0.451917788639618 -0.15777082639534 850
"1675" 50 59 900 0.35609704491483 -0.325694819462002 950
"1676" 51 52 100 0.99143471368014 0.981276375419047 150
"1677" 51 53 200 0.840387599932141 0.838010114580069 250
"1678" 51 54 300 0.590400237795544 0.644303703872563 350
"1679" 51 55 400 0.751497533475705 0.595582714668191 450
"1680" 51 56 500 0.568653051403199 -0.154013465564796 550
"1681" 51 57 600 0.520862915221989 -0.0951995574474917 650
"1682" 51 58 700 0.527578488640797 0.0153186578548567 750
"1683" 51 59 800 0.52145530207849 -0.0965320727281885 850
"1684" 52 53 100 0.909662582383499 0.889287825505187 150
"1685" 52 54 200 0.851473724114243 0.872040309570598 250
"1686" 52 55 300 0.748214021442992 0.561546226813755 350
"1687" 52 56 400 0.643325825069658 -0.0216467885698935 450
"1688" 52 57 500 0.57224222927554 0.0885100741530714 550
"1689" 52 58 600 0.595264229017454 0.422363887429177 650
"1690" 52 59 700 0.533712290674391 0.0985573131276922 750
"1691" 53 54 100 0.876976794673887 0.981849438254884 150
"1692" 53 55 200 0.87558991823942 0.725907150198354 250
"1693" 53 56 300 0.835755779471179 0.0693090397346459 350
"1694" 53 57 400 0.794544684993245 0.146872680155552 450
"1695" 53 58 500 0.736376231599087 0.452473439284774 550
"1696" 53 59 600 0.724672617291347 -0.197262175166276 650
"1697" 54 55 100 0.974577513497918 0.926007816191197 150
"1698" 54 56 200 0.921183160730249 0.751015871057933 250
"1699" 54 57 300 0.883688211124751 0.610859852989271 350
"1700" 54 58 400 0.81763720531286 0.610271373385082 450
"1701" 54 59 500 0.732848579097224 0.259728628312805 550
"1702" 55 56 100 0.963219055197156 0.526088422742141 150
"1703" 55 57 200 0.916933286545908 0.582346083912161 250
"1704" 55 58 300 0.892318095614109 0.341786040016837 350
"1705" 55 59 400 0.873005153342413 0.171414547028161 450
"1706" 56 57 100 0.980958699226281 0.905016129990898 150
"1707" 56 58 200 0.95591868434868 0.7563342916839 250
"1708" 56 59 300 0.921335707227236 0.703986161061309 350
"1709" 57 58 100 0.967473415244935 0.783665385674841 150
"1710" 57 59 200 0.938124440230796 0.747525312119622 250
"1711" 58 59 100 0.983329555681405 0.942348373132309 150
