"i" "j" "hgt" "rsp" "rdir" "hgto"
"1" 1 2 30 NA NA 50
"2" 1 3 56 NA NA 50
"3" 1 4 60 0.957279249210509 0.204323042484694 50
"4" 1 5 114 NA NA 150
"5" 1 6 120 1 -1 150
"6" 1 7 150 NA NA 150
"7" 1 8 172 NA NA 150
"8" 1 9 180 1 1 150
"9" 1 10 230 NA NA 250
"10" 1 11 240 NA NA 250
"11" 1 12 270 NA NA 250
"12" 1 13 288 NA NA 250
"13" 1 14 300 NA NA 350
"14" 1 15 346 NA NA 350
"15" 1 16 360 NA NA 350
"16" 1 17 390 NA NA 350
"17" 1 18 420 1 -1 450
"18" 1 19 462 NA NA 450
"19" 1 20 480 NA NA 450
"20" 1 21 520 NA NA 550
"21" 1 22 540 NA NA 550
"22" 1 23 578 NA NA 550
"23" 1 24 600 NA NA 650
"24" 1 25 630 NA NA 650
"25" 1 26 636 NA NA 650
"26" 1 27 660 NA NA 650
"27" 1 28 694 NA NA 650
"28" 1 29 720 1 1 750
"29" 1 30 750 NA NA 750
"30" 1 31 752 NA NA 750
"31" 1 32 780 0.815227164062217 0.0824422533065221 750
"32" 1 33 839 NA NA 850
"33" 1 34 840 1 -1 850
"34" 1 35 870 NA NA 850
"35" 1 36 900 NA NA 950
"36" 1 37 955 NA NA 950
"37" 1 38 990 NA NA 950
"38" 1 39 1050 NA NA 1050
"39" 1 40 1071 NA NA 1050
"40" 1 41 1110 NA NA 1150
"41" 1 42 1187 NA NA 1150
"42" 1 43 1230 NA NA 1250
"43" 1 44 1290 NA NA 1250
"44" 1 45 1302 NA NA 1350
"45" 1 46 1350 0.130083975916131 0.999387669284444 1350
"46" 1 47 1418 NA NA 1450
"47" 1 48 1470 NA NA 1450
"48" 1 49 1530 NA NA 1550
"49" 1 50 1534 NA NA 1550
"50" 1 51 1590 NA NA 1550
"51" 1 52 1650 NA NA 1650
"52" 1 53 1710 -1 1 1750
"53" 1 54 1766 NA NA 1750
"54" 1 55 1770 NA NA 1750
"55" 1 56 1830 1 1 1850
"56" 1 57 1882 NA NA 1850
"57" 1 58 1950 1 1 1950
"58" 1 59 1998 NA NA 1950
"59" 1 60 2010 NA NA 2050
"60" 1 61 2070 -1 1 2050
"61" 1 62 2114 NA NA 2150
"62" 1 63 2190 NA NA 2150
"63" 1 64 2230 NA NA 2250
"64" 1 65 2250 NA NA 2250
"65" 1 66 2310 0.299439322326149 0.350234422988817 2350
"66" 1 67 2346 NA NA 2350
"67" 1 68 2430 0.551433004691691 0.0100134638845126 2450
"68" 1 69 2462 NA NA 2450
"69" 1 70 2490 NA NA 2450
"70" 2 3 26 NA NA 50
"71" 2 4 30 NA NA 50
"72" 2 5 84 NA NA 50
"73" 2 6 90 NA NA 50
"74" 2 7 120 NA NA 150
"75" 2 8 142 NA NA 150
"76" 2 9 150 -1 1 150
"77" 2 10 200 NA NA 250
"78" 2 11 210 -1 1 250
"79" 2 12 240 NA NA 250
"80" 2 13 258 NA NA 250
"81" 2 14 270 NA NA 250
"82" 2 15 316 NA NA 350
"83" 2 16 330 NA NA 350
"84" 2 17 360 NA NA 350
"85" 2 18 390 NA NA 350
"86" 2 19 432 NA NA 450
"87" 2 20 450 -1 1 450
"88" 2 21 490 NA NA 450
"89" 2 22 510 -1 1 550
"90" 2 23 548 NA NA 550
"91" 2 24 570 NA NA 550
"92" 2 25 600 NA NA 650
"93" 2 26 606 NA NA 650
"94" 2 27 630 NA NA 650
"95" 2 28 664 NA NA 650
"96" 2 29 690 -1 1 650
"97" 2 30 720 NA NA 750
"98" 2 31 722 NA NA 750
"99" 2 32 750 -1 1 750
"100" 2 33 809 NA NA 850
"101" 2 34 810 -1 -1 850
"102" 2 35 840 NA NA 850
"103" 2 36 870 -1 -1 850
"104" 2 37 925 NA NA 950
"105" 2 38 960 -1 -1 950
"106" 2 39 1020 NA NA 1050
"107" 2 40 1041 NA NA 1050
"108" 2 41 1080 -1 -1 1050
"109" 2 42 1157 NA NA 1150
"110" 2 43 1200 -1 -1 1250
"111" 2 44 1260 NA NA 1250
"112" 2 45 1272 NA NA 1250
"113" 2 46 1320 -1 -1 1350
"114" 2 47 1388 NA NA 1350
"115" 2 48 1440 -1 -1 1450
"116" 2 49 1500 NA NA 1550
"117" 2 50 1504 NA NA 1550
"118" 2 51 1560 NA NA 1550
"119" 2 52 1620 NA NA 1650
"120" 2 53 1680 NA NA 1650
"121" 2 54 1736 NA NA 1750
"122" 2 55 1740 NA NA 1750
"123" 2 56 1800 NA NA 1850
"124" 2 57 1852 NA NA 1850
"125" 2 58 1920 NA NA 1950
"126" 2 59 1968 NA NA 1950
"127" 2 60 1980 -1 1 1950
"128" 2 61 2040 NA NA 2050
"129" 2 62 2084 NA NA 2050
"130" 2 63 2160 NA NA 2150
"131" 2 64 2200 NA NA 2250
"132" 2 65 2220 NA NA 2250
"133" 2 66 2280 -1 -1 2250
"134" 2 67 2316 NA NA 2350
"135" 2 68 2400 -0.896576928565347 -0.966783459774462 2450
"136" 2 69 2432 NA NA 2450
"137" 2 70 2460 NA NA 2450
"138" 3 4 4 NA NA 50
"139" 3 5 58 1 1 50
"140" 3 6 64 NA NA 50
"141" 3 7 94 NA NA 50
"142" 3 8 116 NA NA 150
"143" 3 9 124 NA NA 150
"144" 3 10 174 NA NA 150
"145" 3 11 184 NA NA 150
"146" 3 12 214 NA NA 250
"147" 3 13 232 NA NA 250
"148" 3 14 244 NA NA 250
"149" 3 15 290 -1 -1 250
"150" 3 16 304 NA NA 350
"151" 3 17 334 NA NA 350
"152" 3 18 364 NA NA 350
"153" 3 19 406 NA NA 450
"154" 3 20 424 NA NA 450
"155" 3 21 464 NA NA 450
"156" 3 22 484 NA NA 450
"157" 3 23 522 1 -1 550
"158" 3 24 544 NA NA 550
"159" 3 25 574 NA NA 550
"160" 3 26 580 -1 -1 550
"161" 3 27 604 NA NA 650
"162" 3 28 638 1 1 650
"163" 3 29 664 NA NA 650
"164" 3 30 694 NA NA 650
"165" 3 31 696 -1 -1 650
"166" 3 32 724 NA NA 750
"167" 3 33 783 NA NA 750
"168" 3 34 784 NA NA 750
"169" 3 35 814 NA NA 850
"170" 3 36 844 NA NA 850
"171" 3 37 899 -1 1 850
"172" 3 38 934 NA NA 950
"173" 3 39 994 NA NA 950
"174" 3 40 1015 -1 1 1050
"175" 3 41 1054 NA NA 1050
"176" 3 42 1131 -1 1 1150
"177" 3 43 1174 NA NA 1150
"178" 3 44 1234 NA NA 1250
"179" 3 45 1246 -1 1 1250
"180" 3 46 1294 NA NA 1250
"181" 3 47 1362 -1 1 1350
"182" 3 48 1414 NA NA 1450
"183" 3 49 1474 NA NA 1450
"184" 3 50 1478 -1 1 1450
"185" 3 51 1534 NA NA 1550
"186" 3 52 1594 -1 1 1550
"187" 3 53 1654 NA NA 1650
"188" 3 54 1710 1 1 1750
"189" 3 55 1714 NA NA 1750
"190" 3 56 1774 NA NA 1750
"191" 3 57 1826 NA NA 1850
"192" 3 58 1894 NA NA 1850
"193" 3 59 1942 1 -1 1950
"194" 3 60 1954 NA NA 1950
"195" 3 61 2014 NA NA 2050
"196" 3 62 2058 -1 -1 2050
"197" 3 63 2134 NA NA 2150
"198" 3 64 2174 -1 -1 2150
"199" 3 65 2194 NA NA 2150
"200" 3 66 2254 NA NA 2250
"201" 3 67 2290 -1 -1 2250
"202" 3 68 2374 NA NA 2350
"203" 3 69 2406 -1 1 2450
"204" 3 70 2434 NA NA 2450
"205" 4 5 54 NA NA 50
"206" 4 6 60 0.77282927736754 0.992621807318134 50
"207" 4 7 90 NA NA 50
"208" 4 8 112 NA NA 150
"209" 4 9 120 0.766443822091894 0.77453057599494 150
"210" 4 10 170 NA NA 150
"211" 4 11 180 0.738410551235593 0.997470869879754 150
"212" 4 12 210 NA NA 250
"213" 4 13 228 NA NA 250
"214" 4 14 240 0.725008619354712 0.859773820737373 250
"215" 4 15 286 NA NA 250
"216" 4 16 300 -0.808175150732839 0.908518184454067 350
"217" 4 17 330 NA NA 350
"218" 4 18 360 0.669779692839265 0.979265329358424 350
"219" 4 19 402 NA NA 450
"220" 4 20 420 0.688766098643947 0.947688808207035 450
"221" 4 21 460 NA NA 450
"222" 4 22 480 0.32220820624004 0.928505341734291 450
"223" 4 23 518 NA NA 550
"224" 4 24 540 0.439553521300632 0.9902983538688 550
"225" 4 25 570 NA NA 550
"226" 4 26 576 NA NA 550
"227" 4 27 600 0.69158279268828 0.992594861705901 650
"228" 4 28 634 NA NA 650
"229" 4 29 660 0.343694612178245 0.593996319674806 650
"230" 4 30 690 NA NA 650
"231" 4 31 692 NA NA 650
"232" 4 32 720 0.744794018900664 0.583094113371211 750
"233" 4 33 779 NA NA 750
"234" 4 34 780 0.388405068498706 0.874676373867859 750
"235" 4 35 810 NA NA 850
"236" 4 36 840 1 1 850
"237" 4 37 895 NA NA 850
"238" 4 38 930 0.338953171141188 0.970347829084684 950
"239" 4 39 990 NA NA 950
"240" 4 40 1011 NA NA 1050
"241" 4 41 1050 1 1 1050
"242" 4 42 1127 NA NA 1150
"243" 4 43 1170 0.867569907019195 0.27247844107019 1150
"244" 4 44 1230 NA NA 1250
"245" 4 45 1242 NA NA 1250
"246" 4 46 1290 0.36381486700294 0.714625429016282 1250
"247" 4 47 1358 NA NA 1350
"248" 4 48 1410 -1 -1 1450
"249" 4 49 1470 1 1 1450
"250" 4 50 1474 NA NA 1450
"251" 4 51 1530 -1 -1 1550
"252" 4 52 1590 NA NA 1550
"253" 4 53 1650 0.0878680719207209 -0.134882616673619 1650
"254" 4 54 1706 NA NA 1750
"255" 4 55 1710 NA NA 1750
"256" 4 56 1770 0.967022016471243 -0.628957497475444 1750
"257" 4 57 1822 NA NA 1850
"258" 4 58 1890 0.91863887543202 -0.332858898556798 1850
"259" 4 59 1938 NA NA 1950
"260" 4 60 1950 NA NA 1950
"261" 4 61 2010 -0.411400586712283 -0.106282115943457 2050
"262" 4 62 2054 NA NA 2050
"263" 4 63 2130 0.723325482623477 0.827704317398057 2150
"264" 4 64 2170 NA NA 2150
"265" 4 65 2190 NA NA 2150
"266" 4 66 2250 0.451147934995921 -0.564436868022188 2250
"267" 4 67 2286 NA NA 2250
"268" 4 68 2370 0.751480921049139 -0.815541929072079 2350
"269" 4 69 2402 NA NA 2450
"270" 4 70 2430 NA NA 2450
"271" 5 6 6 NA NA 50
"272" 5 7 36 NA NA 50
"273" 5 8 58 NA NA 50
"274" 5 9 66 NA NA 50
"275" 5 10 116 1 -1 150
"276" 5 11 126 NA NA 150
"277" 5 12 156 NA NA 150
"278" 5 13 174 NA NA 150
"279" 5 14 186 NA NA 150
"280" 5 15 232 -1 -1 250
"281" 5 16 246 NA NA 250
"282" 5 17 276 NA NA 250
"283" 5 18 306 NA NA 350
"284" 5 19 348 NA NA 350
"285" 5 20 366 NA NA 350
"286" 5 21 406 NA NA 450
"287" 5 22 426 NA NA 450
"288" 5 23 464 1 -1 450
"289" 5 24 486 NA NA 450
"290" 5 25 516 NA NA 550
"291" 5 26 522 0.883415643041922 -0.796295756806658 550
"292" 5 27 546 NA NA 550
"293" 5 28 580 1 1 550
"294" 5 29 606 NA NA 650
"295" 5 30 636 NA NA 650
"296" 5 31 638 -1 -1 650
"297" 5 32 666 NA NA 650
"298" 5 33 725 NA NA 750
"299" 5 34 726 NA NA 750
"300" 5 35 756 NA NA 750
"301" 5 36 786 NA NA 750
"302" 5 37 841 -1 1 850
"303" 5 38 876 NA NA 850
"304" 5 39 936 NA NA 950
"305" 5 40 957 -1 1 950
"306" 5 41 996 NA NA 950
"307" 5 42 1073 -1 1 1050
"308" 5 43 1116 NA NA 1150
"309" 5 44 1176 NA NA 1150
"310" 5 45 1188 -1 1 1150
"311" 5 46 1236 NA NA 1250
"312" 5 47 1304 -0.439405994494278 0.515165847283089 1350
"313" 5 48 1356 NA NA 1350
"314" 5 49 1416 NA NA 1450
"315" 5 50 1420 -1 1 1450
"316" 5 51 1476 NA NA 1450
"317" 5 52 1536 -1 1 1550
"318" 5 53 1596 NA NA 1550
"319" 5 54 1652 1 1 1650
"320" 5 55 1656 NA NA 1650
"321" 5 56 1716 NA NA 1750
"322" 5 57 1768 -1 1 1750
"323" 5 58 1836 NA NA 1850
"324" 5 59 1884 1 -1 1850
"325" 5 60 1896 NA NA 1850
"326" 5 61 1956 NA NA 1950
"327" 5 62 2000 -1 -1 2050
"328" 5 63 2076 NA NA 2050
"329" 5 64 2116 -1 -1 2150
"330" 5 65 2136 NA NA 2150
"331" 5 66 2196 NA NA 2150
"332" 5 67 2232 -1 -1 2250
"333" 5 68 2316 NA NA 2350
"334" 5 69 2348 -1 1 2350
"335" 5 70 2376 NA NA 2350
"336" 6 7 30 NA NA 50
"337" 6 8 52 NA NA 50
"338" 6 9 60 0.811300244611304 0.803164869077529 50
"339" 6 10 110 NA NA 150
"340" 6 11 120 0.992418224303237 0.962583176721766 150
"341" 6 12 150 NA NA 150
"342" 6 13 168 NA NA 150
"343" 6 14 180 0.655137211275952 0.94066728054631 150
"344" 6 15 226 NA NA 250
"345" 6 16 240 -0.00309621679568533 0.994243601154903 250
"346" 6 17 270 NA NA 250
"347" 6 18 300 0.734780201440687 0.989002172715271 350
"348" 6 19 342 NA NA 350
"349" 6 20 360 0.766792267270046 0.962228176785237 350
"350" 6 21 400 NA NA 450
"351" 6 22 420 0.939918859374733 0.940289686138485 450
"352" 6 23 458 NA NA 450
"353" 6 24 480 0.971538650085656 0.998504998009443 450
"354" 6 25 510 NA NA 550
"355" 6 26 516 NA NA 550
"356" 6 27 540 0.890224393022788 0.997870893091514 550
"357" 6 28 574 NA NA 550
"358" 6 29 600 0.787382566713355 0.762149160065844 650
"359" 6 30 630 NA NA 650
"360" 6 31 632 NA NA 650
"361" 6 32 660 0.836049100318645 0.74155942576448 650
"362" 6 33 719 NA NA 750
"363" 6 34 720 0.679522470028193 0.889107039044679 750
"364" 6 35 750 1 -1 750
"365" 6 36 780 0.955384786400158 0.800410381620221 750
"366" 6 37 835 NA NA 850
"367" 6 38 870 0.787897151186198 0.596854979831866 850
"368" 6 39 930 1 -1 950
"369" 6 40 951 NA NA 950
"370" 6 41 990 0.924716995776549 0.456422477400065 950
"371" 6 42 1067 NA NA 1050
"372" 6 43 1110 0.899095022187313 0.215262251552461 1150
"373" 6 44 1170 NA NA 1150
"374" 6 45 1182 NA NA 1150
"375" 6 46 1230 0.731494898589978 0.207021587263294 1250
"376" 6 47 1298 NA NA 1250
"377" 6 48 1350 0.661658781222568 0.608220296120742 1350
"378" 6 49 1410 0.386514518370681 -0.496148980766301 1450
"379" 6 50 1414 NA NA 1450
"380" 6 51 1470 1 1 1450
"381" 6 52 1530 NA NA 1550
"382" 6 53 1590 1 -1 1550
"383" 6 54 1646 NA NA 1650
"384" 6 55 1650 -1 -1 1650
"385" 6 56 1710 0.96357414097675 -0.503973572643808 1750
"386" 6 57 1762 NA NA 1750
"387" 6 58 1830 0.882301414734788 -0.184158720059055 1850
"388" 6 59 1878 NA NA 1850
"389" 6 60 1890 NA NA 1850
"390" 6 61 1950 0.719860866378369 -0.0213993698387683 1950
"391" 6 62 1994 NA NA 1950
"392" 6 63 2070 0.536563466519174 0.0607036200525561 2050
"393" 6 64 2110 NA NA 2150
"394" 6 65 2130 NA NA 2150
"395" 6 66 2190 0.667632352906989 -0.315986749991878 2150
"396" 6 67 2226 NA NA 2250
"397" 6 68 2310 0.855230482289307 -0.403094905206562 2350
"398" 6 69 2342 NA NA 2350
"399" 6 70 2370 NA NA 2350
"400" 7 8 22 NA NA 50
"401" 7 9 30 NA NA 50
"402" 7 10 80 NA NA 50
"403" 7 11 90 -1 1 50
"404" 7 12 120 NA NA 150
"405" 7 13 138 NA NA 150
"406" 7 14 150 -1 -1 150
"407" 7 15 196 NA NA 150
"408" 7 16 210 1 1 250
"409" 7 17 240 NA NA 250
"410" 7 18 270 1 1 250
"411" 7 19 312 NA NA 350
"412" 7 20 330 1 1 350
"413" 7 21 370 NA NA 350
"414" 7 22 390 -1 -1 350
"415" 7 23 428 NA NA 450
"416" 7 24 450 -1 -1 450
"417" 7 25 480 NA NA 450
"418" 7 26 486 NA NA 450
"419" 7 27 510 NA NA 550
"420" 7 28 544 NA NA 550
"421" 7 29 570 -1 -1 550
"422" 7 30 600 NA NA 650
"423" 7 31 602 NA NA 650
"424" 7 32 630 NA NA 650
"425" 7 33 689 NA NA 650
"426" 7 34 690 -1 -1 650
"427" 7 35 720 NA NA 750
"428" 7 36 750 NA NA 750
"429" 7 37 805 NA NA 850
"430" 7 38 840 NA NA 850
"431" 7 39 900 NA NA 950
"432" 7 40 921 NA NA 950
"433" 7 41 960 NA NA 950
"434" 7 42 1037 NA NA 1050
"435" 7 43 1080 NA NA 1050
"436" 7 44 1140 NA NA 1150
"437" 7 45 1152 NA NA 1150
"438" 7 46 1200 NA NA 1250
"439" 7 47 1268 NA NA 1250
"440" 7 48 1320 NA NA 1350
"441" 7 49 1380 NA NA 1350
"442" 7 50 1384 NA NA 1350
"443" 7 51 1440 NA NA 1450
"444" 7 52 1500 NA NA 1550
"445" 7 53 1560 NA NA 1550
"446" 7 54 1616 NA NA 1650
"447" 7 55 1620 NA NA 1650
"448" 7 56 1680 NA NA 1650
"449" 7 57 1732 NA NA 1750
"450" 7 58 1800 NA NA 1850
"451" 7 59 1848 NA NA 1850
"452" 7 60 1860 NA NA 1850
"453" 7 61 1920 1 1 1950
"454" 7 62 1964 NA NA 1950
"455" 7 63 2040 NA NA 2050
"456" 7 64 2080 NA NA 2050
"457" 7 65 2100 NA NA 2150
"458" 7 66 2160 NA NA 2150
"459" 7 67 2196 NA NA 2150
"460" 7 68 2280 NA NA 2250
"461" 7 69 2312 NA NA 2350
"462" 7 70 2340 NA NA 2350
"463" 8 9 8 NA NA 50
"464" 8 10 58 NA NA 50
"465" 8 11 68 NA NA 50
"466" 8 12 98 NA NA 50
"467" 8 13 116 NA NA 150
"468" 8 14 128 NA NA 150
"469" 8 15 174 NA NA 150
"470" 8 16 188 NA NA 150
"471" 8 17 218 NA NA 250
"472" 8 18 248 NA NA 250
"473" 8 19 290 NA NA 250
"474" 8 20 308 NA NA 350
"475" 8 21 348 NA NA 350
"476" 8 22 368 NA NA 350
"477" 8 23 406 NA NA 450
"478" 8 24 428 NA NA 450
"479" 8 25 458 NA NA 450
"480" 8 26 464 NA NA 450
"481" 8 27 488 NA NA 450
"482" 8 28 522 NA NA 550
"483" 8 29 548 NA NA 550
"484" 8 30 578 NA NA 550
"485" 8 31 580 NA NA 550
"486" 8 32 608 NA NA 650
"487" 8 33 667 NA NA 650
"488" 8 34 668 NA NA 650
"489" 8 35 698 NA NA 650
"490" 8 36 728 NA NA 750
"491" 8 37 783 NA NA 750
"492" 8 38 818 NA NA 850
"493" 8 39 878 NA NA 850
"494" 8 40 899 NA NA 850
"495" 8 41 938 NA NA 950
"496" 8 42 1015 NA NA 1050
"497" 8 43 1058 NA NA 1050
"498" 8 44 1118 NA NA 1150
"499" 8 45 1130 NA NA 1150
"500" 8 46 1178 NA NA 1150
"501" 8 47 1246 NA NA 1250
"502" 8 48 1298 NA NA 1250
"503" 8 49 1358 NA NA 1350
"504" 8 50 1362 NA NA 1350
"505" 8 51 1418 NA NA 1450
"506" 8 52 1478 NA NA 1450
"507" 8 53 1538 NA NA 1550
"508" 8 54 1594 NA NA 1550
"509" 8 55 1598 NA NA 1550
"510" 8 56 1658 NA NA 1650
"511" 8 57 1710 NA NA 1750
"512" 8 58 1778 NA NA 1750
"513" 8 59 1826 NA NA 1850
"514" 8 60 1838 NA NA 1850
"515" 8 61 1898 NA NA 1850
"516" 8 62 1942 NA NA 1950
"517" 8 63 2018 NA NA 2050
"518" 8 64 2058 NA NA 2050
"519" 8 65 2078 NA NA 2050
"520" 8 66 2138 NA NA 2150
"521" 8 67 2174 NA NA 2150
"522" 8 68 2258 NA NA 2250
"523" 8 69 2290 NA NA 2250
"524" 8 70 2318 NA NA 2350
"525" 9 10 50 NA NA 50
"526" 9 11 60 0.871164255026262 0.789877641209139 50
"527" 9 12 90 NA NA 50
"528" 9 13 108 NA NA 150
"529" 9 14 120 0.863807071663795 0.995335849505883 150
"530" 9 15 166 NA NA 150
"531" 9 16 180 0.0648010317925654 0.757088311929269 150
"532" 9 17 210 NA NA 250
"533" 9 18 240 0.492477009696683 0.717781146120194 250
"534" 9 19 282 NA NA 250
"535" 9 20 300 0.872465397336877 0.771778633107423 350
"536" 9 21 340 NA NA 350
"537" 9 22 360 0.735747445108586 0.419314197497837 350
"538" 9 23 398 NA NA 350
"539" 9 24 420 0.820622943227407 0.773240532049581 450
"540" 9 25 450 -1 -1 450
"541" 9 26 456 NA NA 450
"542" 9 27 480 0.753822011764322 0.899475983185676 450
"543" 9 28 514 NA NA 550
"544" 9 29 540 0.472559436122709 0.783904254762586 550
"545" 9 30 570 NA NA 550
"546" 9 31 572 NA NA 550
"547" 9 32 600 0.497791966851799 0.762369226858393 650
"548" 9 33 659 NA NA 650
"549" 9 34 660 0.153930311769727 0.666463930405569 650
"550" 9 35 690 -1 -1 650
"551" 9 36 720 0.681147661601155 -0.730525925528913 750
"552" 9 37 775 NA NA 750
"553" 9 38 810 0.82385289836113 0.359134378505165 850
"554" 9 39 870 1 1 850
"555" 9 40 891 NA NA 850
"556" 9 41 930 0.701387902156503 -0.0258858232529656 950
"557" 9 42 1007 NA NA 1050
"558" 9 43 1050 0.672113418496781 -0.0667036299823112 1050
"559" 9 44 1110 -1 -1 1150
"560" 9 45 1122 NA NA 1150
"561" 9 46 1170 0.740153027167159 -0.119593779495207 1150
"562" 9 47 1238 NA NA 1250
"563" 9 48 1290 0.459287049211115 0.085934209387625 1250
"564" 9 49 1350 0.5498349286716 -0.712440825318119 1350
"565" 9 50 1354 NA NA 1350
"566" 9 51 1410 0.491008115299849 0.402349961093382 1450
"567" 9 52 1470 NA NA 1450
"568" 9 53 1530 -0.266539127624144 0.279551708450479 1550
"569" 9 54 1586 NA NA 1550
"570" 9 55 1590 -1 -1 1550
"571" 9 56 1650 0.643560115769517 -0.166330969655425 1650
"572" 9 57 1702 NA NA 1750
"573" 9 58 1770 0.431713622265522 -0.27180989978684 1750
"574" 9 59 1818 NA NA 1850
"575" 9 60 1830 NA NA 1850
"576" 9 61 1890 0.0500543711815598 -0.439626412191731 1850
"577" 9 62 1934 NA NA 1950
"578" 9 63 2010 0.0461035484391488 -0.345249179979842 2050
"579" 9 64 2050 NA NA 2050
"580" 9 65 2070 -1 -1 2050
"581" 9 66 2130 0.416262107060592 -0.427799962029827 2150
"582" 9 67 2166 NA NA 2150
"583" 9 68 2250 0.692428409838067 -0.668112639170078 2250
"584" 9 69 2282 NA NA 2250
"585" 9 70 2310 -1 -1 2350
"586" 10 11 10 NA NA 50
"587" 10 12 40 NA NA 50
"588" 10 13 58 NA NA 50
"589" 10 14 70 NA NA 50
"590" 10 15 116 NA NA 150
"591" 10 16 130 NA NA 150
"592" 10 17 160 NA NA 150
"593" 10 18 190 NA NA 150
"594" 10 19 232 NA NA 250
"595" 10 20 250 NA NA 250
"596" 10 21 290 NA NA 250
"597" 10 22 310 NA NA 350
"598" 10 23 348 NA NA 350
"599" 10 24 370 NA NA 350
"600" 10 25 400 NA NA 450
"601" 10 26 406 1 -1 450
"602" 10 27 430 NA NA 450
"603" 10 28 464 NA NA 450
"604" 10 29 490 NA NA 450
"605" 10 30 520 NA NA 550
"606" 10 31 522 NA NA 550
"607" 10 32 550 NA NA 550
"608" 10 33 609 NA NA 650
"609" 10 34 610 NA NA 650
"610" 10 35 640 NA NA 650
"611" 10 36 670 NA NA 650
"612" 10 37 725 NA NA 750
"613" 10 38 760 NA NA 750
"614" 10 39 820 NA NA 850
"615" 10 40 841 NA NA 850
"616" 10 41 880 NA NA 850
"617" 10 42 957 NA NA 950
"618" 10 43 1000 NA NA 1050
"619" 10 44 1060 NA NA 1050
"620" 10 45 1072 NA NA 1050
"621" 10 46 1120 NA NA 1150
"622" 10 47 1188 1 -1 1150
"623" 10 48 1240 NA NA 1250
"624" 10 49 1300 NA NA 1350
"625" 10 50 1304 NA NA 1350
"626" 10 51 1360 NA NA 1350
"627" 10 52 1420 NA NA 1450
"628" 10 53 1480 NA NA 1450
"629" 10 54 1536 NA NA 1550
"630" 10 55 1540 NA NA 1550
"631" 10 56 1600 NA NA 1650
"632" 10 57 1652 -1 -1 1650
"633" 10 58 1720 NA NA 1750
"634" 10 59 1768 NA NA 1750
"635" 10 60 1780 NA NA 1750
"636" 10 61 1840 NA NA 1850
"637" 10 62 1884 NA NA 1850
"638" 10 63 1960 NA NA 1950
"639" 10 64 2000 NA NA 2050
"640" 10 65 2020 NA NA 2050
"641" 10 66 2080 NA NA 2050
"642" 10 67 2116 NA NA 2150
"643" 10 68 2200 NA NA 2250
"644" 10 69 2232 NA NA 2250
"645" 10 70 2260 NA NA 2250
"646" 11 12 30 NA NA 50
"647" 11 13 48 NA NA 50
"648" 11 14 60 0.9962672568068 0.89621782928851 50
"649" 11 15 106 NA NA 150
"650" 11 16 120 0.491598551965183 0.934539817582049 150
"651" 11 17 150 NA NA 150
"652" 11 18 180 0.887681225857805 0.947117934623004 150
"653" 11 19 222 NA NA 250
"654" 11 20 240 0.968336982040109 0.894550235311783 250
"655" 11 21 280 NA NA 250
"656" 11 22 300 0.94045079897283 0.641618328983197 350
"657" 11 23 338 NA NA 350
"658" 11 24 360 0.745639554705546 0.853978843020648 350
"659" 11 25 390 NA NA 350
"660" 11 26 396 NA NA 350
"661" 11 27 420 0.82598556230123 0.848486175445975 450
"662" 11 28 454 NA NA 450
"663" 11 29 480 0.741526980014501 0.711357185575814 450
"664" 11 30 510 NA NA 550
"665" 11 31 512 NA NA 550
"666" 11 32 540 0.651982358835068 0.826431821488259 550
"667" 11 33 599 NA NA 550
"668" 11 34 600 0.541478904101684 0.348533897442375 650
"669" 11 35 630 -1 -1 650
"670" 11 36 660 0.833612302603672 0.0919547747167846 650
"671" 11 37 715 NA NA 750
"672" 11 38 750 0.894968850164032 0.386325884512965 750
"673" 11 39 810 NA NA 850
"674" 11 40 831 NA NA 850
"675" 11 41 870 0.805960459819544 0.22507379562323 850
"676" 11 42 947 NA NA 950
"677" 11 43 990 0.766980628466507 -0.00226961277392162 950
"678" 11 44 1050 NA NA 1050
"679" 11 45 1062 NA NA 1050
"680" 11 46 1110 0.9216568468881 -0.174478564670805 1150
"681" 11 47 1178 NA NA 1150
"682" 11 48 1230 0.418784827538415 -0.856255591365616 1250
"683" 11 49 1290 0.505452699553919 -0.731208707391669 1250
"684" 11 50 1294 NA NA 1250
"685" 11 51 1350 0.974869334657576 -0.887760750135439 1350
"686" 11 52 1410 NA NA 1450
"687" 11 53 1470 -0.972906598403156 -0.840688529878277 1450
"688" 11 54 1526 NA NA 1550
"689" 11 55 1530 -1 -1 1550
"690" 11 56 1590 0.927329304829099 -0.433967470311811 1550
"691" 11 57 1642 NA NA 1650
"692" 11 58 1710 0.34466486150136 -0.123757032227319 1750
"693" 11 59 1758 NA NA 1750
"694" 11 60 1770 NA NA 1750
"695" 11 61 1830 -0.132330414684425 -0.0814906266382921 1850
"696" 11 62 1874 NA NA 1850
"697" 11 63 1950 0.0483718814953637 0.778003007169892 1950
"698" 11 64 1990 NA NA 1950
"699" 11 65 2010 1 -1 2050
"700" 11 66 2070 0.338055372398227 -0.158884460086399 2050
"701" 11 67 2106 NA NA 2150
"702" 11 68 2190 0.678471169934223 -0.424019649388055 2150
"703" 11 69 2222 NA NA 2250
"704" 11 70 2250 -0.865595263645609 0.923295984351863 2250
"705" 12 13 18 NA NA 50
"706" 12 14 30 NA NA 50
"707" 12 15 76 NA NA 50
"708" 12 16 90 NA NA 50
"709" 12 17 120 NA NA 150
"710" 12 18 150 NA NA 150
"711" 12 19 192 NA NA 150
"712" 12 20 210 NA NA 250
"713" 12 21 250 NA NA 250
"714" 12 22 270 NA NA 250
"715" 12 23 308 NA NA 350
"716" 12 24 330 NA NA 350
"717" 12 25 360 NA NA 350
"718" 12 26 366 NA NA 350
"719" 12 27 390 NA NA 350
"720" 12 28 424 NA NA 450
"721" 12 29 450 NA NA 450
"722" 12 30 480 NA NA 450
"723" 12 31 482 NA NA 450
"724" 12 32 510 NA NA 550
"725" 12 33 569 NA NA 550
"726" 12 34 570 NA NA 550
"727" 12 35 600 NA NA 650
"728" 12 36 630 NA NA 650
"729" 12 37 685 NA NA 650
"730" 12 38 720 NA NA 750
"731" 12 39 780 NA NA 750
"732" 12 40 801 NA NA 850
"733" 12 41 840 NA NA 850
"734" 12 42 917 NA NA 950
"735" 12 43 960 NA NA 950
"736" 12 44 1020 NA NA 1050
"737" 12 45 1032 NA NA 1050
"738" 12 46 1080 NA NA 1050
"739" 12 47 1148 NA NA 1150
"740" 12 48 1200 NA NA 1250
"741" 12 49 1260 NA NA 1250
"742" 12 50 1264 NA NA 1250
"743" 12 51 1320 NA NA 1350
"744" 12 52 1380 NA NA 1350
"745" 12 53 1440 NA NA 1450
"746" 12 54 1496 NA NA 1450
"747" 12 55 1500 NA NA 1550
"748" 12 56 1560 NA NA 1550
"749" 12 57 1612 NA NA 1650
"750" 12 58 1680 NA NA 1650
"751" 12 59 1728 NA NA 1750
"752" 12 60 1740 NA NA 1750
"753" 12 61 1800 NA NA 1850
"754" 12 62 1844 NA NA 1850
"755" 12 63 1920 NA NA 1950
"756" 12 64 1960 NA NA 1950
"757" 12 65 1980 NA NA 1950
"758" 12 66 2040 NA NA 2050
"759" 12 67 2076 NA NA 2050
"760" 12 68 2160 NA NA 2150
"761" 12 69 2192 NA NA 2150
"762" 12 70 2220 NA NA 2250
"763" 13 14 12 NA NA 50
"764" 13 15 58 NA NA 50
"765" 13 16 72 NA NA 50
"766" 13 17 102 NA NA 150
"767" 13 18 132 NA NA 150
"768" 13 19 174 NA NA 150
"769" 13 20 192 NA NA 150
"770" 13 21 232 NA NA 250
"771" 13 22 252 NA NA 250
"772" 13 23 290 NA NA 250
"773" 13 24 312 NA NA 350
"774" 13 25 342 NA NA 350
"775" 13 26 348 NA NA 350
"776" 13 27 372 NA NA 350
"777" 13 28 406 NA NA 450
"778" 13 29 432 NA NA 450
"779" 13 30 462 NA NA 450
"780" 13 31 464 NA NA 450
"781" 13 32 492 NA NA 450
"782" 13 33 551 NA NA 550
"783" 13 34 552 NA NA 550
"784" 13 35 582 NA NA 550
"785" 13 36 612 NA NA 650
"786" 13 37 667 NA NA 650
"787" 13 38 702 NA NA 750
"788" 13 39 762 NA NA 750
"789" 13 40 783 NA NA 750
"790" 13 41 822 NA NA 850
"791" 13 42 899 NA NA 850
"792" 13 43 942 NA NA 950
"793" 13 44 1002 NA NA 1050
"794" 13 45 1014 NA NA 1050
"795" 13 46 1062 NA NA 1050
"796" 13 47 1130 NA NA 1150
"797" 13 48 1182 NA NA 1150
"798" 13 49 1242 NA NA 1250
"799" 13 50 1246 NA NA 1250
"800" 13 51 1302 NA NA 1350
"801" 13 52 1362 NA NA 1350
"802" 13 53 1422 NA NA 1450
"803" 13 54 1478 NA NA 1450
"804" 13 55 1482 NA NA 1450
"805" 13 56 1542 NA NA 1550
"806" 13 57 1594 NA NA 1550
"807" 13 58 1662 NA NA 1650
"808" 13 59 1710 NA NA 1750
"809" 13 60 1722 NA NA 1750
"810" 13 61 1782 NA NA 1750
"811" 13 62 1826 NA NA 1850
"812" 13 63 1902 NA NA 1950
"813" 13 64 1942 NA NA 1950
"814" 13 65 1962 NA NA 1950
"815" 13 66 2022 NA NA 2050
"816" 13 67 2058 NA NA 2050
"817" 13 68 2142 NA NA 2150
"818" 13 69 2174 NA NA 2150
"819" 13 70 2202 NA NA 2250
"820" 14 15 46 NA NA 50
"821" 14 16 60 0.347519854045724 0.755519277418774 50
"822" 14 17 90 NA NA 50
"823" 14 18 120 0.847026144386243 0.794145017575041 150
"824" 14 19 162 NA NA 150
"825" 14 20 180 0.89803400622214 0.655417055995282 150
"826" 14 21 220 NA NA 250
"827" 14 22 240 0.913657016288115 0.337755201803733 250
"828" 14 23 278 NA NA 250
"829" 14 24 300 0.850733949970595 0.854033225093649 350
"830" 14 25 330 -1 -1 350
"831" 14 26 336 NA NA 350
"832" 14 27 360 0.953414475077475 0.792162655251835 350
"833" 14 28 394 NA NA 350
"834" 14 29 420 0.914442315449287 0.835877664607392 450
"835" 14 30 450 NA NA 450
"836" 14 31 452 NA NA 450
"837" 14 32 480 0.685473168446648 0.895587458180092 450
"838" 14 33 539 NA NA 550
"839" 14 34 540 0.534561120749719 0.659719842249112 550
"840" 14 35 570 -0.568196636083122 -0.912500270471014 550
"841" 14 36 600 0.259888180011868 0.591888316781954 650
"842" 14 37 655 NA NA 650
"843" 14 38 690 0.288347876157061 0.852360694330815 650
"844" 14 39 750 NA NA 750
"845" 14 40 771 NA NA 750
"846" 14 41 810 0.721015141663994 0.757886217561754 850
"847" 14 42 887 NA NA 850
"848" 14 43 930 0.470228720387731 0.733970043608771 950
"849" 14 44 990 -0.550772679267211 0.802837965795868 950
"850" 14 45 1002 NA NA 1050
"851" 14 46 1050 0.189174780351139 0.618733783249425 1050
"852" 14 47 1118 NA NA 1150
"853" 14 48 1170 -0.240491055501445 0.390911193828177 1150
"854" 14 49 1230 1 1 1250
"855" 14 50 1234 NA NA 1250
"856" 14 51 1290 0.0348987636390701 0.0541255990002434 1250
"857" 14 52 1350 NA NA 1350
"858" 14 53 1410 0.0455279206554568 -0.229931076048666 1450
"859" 14 54 1466 NA NA 1450
"860" 14 55 1470 NA NA 1450
"861" 14 56 1530 0.0616314424003476 -0.465934193967348 1550
"862" 14 57 1582 NA NA 1550
"863" 14 58 1650 0.61919654673601 -0.325783243676997 1650
"864" 14 59 1698 NA NA 1650
"865" 14 60 1710 NA NA 1750
"866" 14 61 1770 -0.0466488589453125 -0.556243510132364 1750
"867" 14 62 1814 NA NA 1850
"868" 14 63 1890 0.027749291451771 -0.610368171960931 1850
"869" 14 64 1930 NA NA 1950
"870" 14 65 1950 NA NA 1950
"871" 14 66 2010 0.514985912919171 -0.491746459381184 2050
"872" 14 67 2046 NA NA 2050
"873" 14 68 2130 0.0934325318211086 -0.553958797735278 2150
"874" 14 69 2162 NA NA 2150
"875" 14 70 2190 -1 1 2150
"876" 15 16 14 NA NA 50
"877" 15 17 44 NA NA 50
"878" 15 18 74 NA NA 50
"879" 15 19 116 NA NA 150
"880" 15 20 134 NA NA 150
"881" 15 21 174 NA NA 150
"882" 15 22 194 NA NA 150
"883" 15 23 232 -1 1 250
"884" 15 24 254 NA NA 250
"885" 15 25 284 NA NA 250
"886" 15 26 290 1 1 250
"887" 15 27 314 NA NA 350
"888" 15 28 348 -1 -1 350
"889" 15 29 374 NA NA 350
"890" 15 30 404 NA NA 450
"891" 15 31 406 1 1 450
"892" 15 32 434 NA NA 450
"893" 15 33 493 NA NA 450
"894" 15 34 494 NA NA 450
"895" 15 35 524 NA NA 550
"896" 15 36 554 NA NA 550
"897" 15 37 609 1 -1 650
"898" 15 38 644 NA NA 650
"899" 15 39 704 NA NA 750
"900" 15 40 725 1 -1 750
"901" 15 41 764 NA NA 750
"902" 15 42 841 1 -1 850
"903" 15 43 884 NA NA 850
"904" 15 44 944 NA NA 950
"905" 15 45 956 1 -1 950
"906" 15 46 1004 NA NA 1050
"907" 15 47 1072 1 -1 1050
"908" 15 48 1124 NA NA 1150
"909" 15 49 1184 NA NA 1150
"910" 15 50 1188 1 -1 1150
"911" 15 51 1244 NA NA 1250
"912" 15 52 1304 1 -1 1350
"913" 15 53 1364 NA NA 1350
"914" 15 54 1420 -1 -1 1450
"915" 15 55 1424 NA NA 1450
"916" 15 56 1484 NA NA 1450
"917" 15 57 1536 NA NA 1550
"918" 15 58 1604 NA NA 1650
"919" 15 59 1652 -1 1 1650
"920" 15 60 1664 NA NA 1650
"921" 15 61 1724 NA NA 1750
"922" 15 62 1768 1 1 1750
"923" 15 63 1844 NA NA 1850
"924" 15 64 1884 1 1 1850
"925" 15 65 1904 NA NA 1950
"926" 15 66 1964 NA NA 1950
"927" 15 67 2000 1 1 2050
"928" 15 68 2084 NA NA 2050
"929" 15 69 2116 1 -1 2150
"930" 15 70 2144 NA NA 2150
"931" 16 17 30 NA NA 50
"932" 16 18 60 0.8289921925931 0.976796951927788 50
"933" 16 19 102 NA NA 150
"934" 16 20 120 0.546817226365107 0.942762577272185 150
"935" 16 21 160 NA NA 150
"936" 16 22 180 0.690805208725164 0.626064826072025 150
"937" 16 23 218 NA NA 250
"938" 16 24 240 -0.156400773921237 0.793852295702371 250
"939" 16 25 270 -1 -1 250
"940" 16 26 276 NA NA 250
"941" 16 27 300 -0.269766456053425 0.925754582245358 350
"942" 16 28 334 NA NA 350
"943" 16 29 360 0.444123011998089 0.620357242636264 350
"944" 16 30 390 NA NA 350
"945" 16 31 392 NA NA 350
"946" 16 32 420 0.259277867569619 0.928097339469498 450
"947" 16 33 479 NA NA 450
"948" 16 34 480 0.408245753978964 0.217452382091584 450
"949" 16 35 510 0.80946993536859 -0.616605996199931 550
"950" 16 36 540 0.431077417209724 -0.710622578776141 550
"951" 16 37 595 NA NA 550
"952" 16 38 630 0.104660579916663 0.50768826687669 650
"953" 16 39 690 NA NA 650
"954" 16 40 711 NA NA 750
"955" 16 41 750 0.342560044276126 0.254118158155119 750
"956" 16 42 827 NA NA 850
"957" 16 43 870 0.613903242942238 0.0572542072202753 850
"958" 16 44 930 -0.546768867126043 -0.10203234586568 950
"959" 16 45 942 NA NA 950
"960" 16 46 990 0.397264063054258 0.0935554620007654 950
"961" 16 47 1058 NA NA 1050
"962" 16 48 1110 0.445902375344762 -0.577570493325402 1150
"963" 16 49 1170 -0.59294428371168 -0.587992030720721 1150
"964" 16 50 1174 NA NA 1150
"965" 16 51 1230 -0.107326186420559 0.668787963562232 1250
"966" 16 52 1290 NA NA 1250
"967" 16 53 1350 -0.0358184071576401 -0.621252817164196 1350
"968" 16 54 1406 NA NA 1450
"969" 16 55 1410 -1 -1 1450
"970" 16 56 1470 0.313980761727975 -0.365855039495948 1450
"971" 16 57 1522 NA NA 1550
"972" 16 58 1590 0.599368130518605 -0.649955780781248 1550
"973" 16 59 1638 NA NA 1650
"974" 16 60 1650 NA NA 1650
"975" 16 61 1710 0.3872509060269 -0.620762149306357 1750
"976" 16 62 1754 NA NA 1750
"977" 16 63 1830 0.541383249001254 -0.475601402547261 1850
"978" 16 64 1870 NA NA 1850
"979" 16 65 1890 1 -1 1850
"980" 16 66 1950 -0.267322273908482 -0.490249813868433 1950
"981" 16 67 1986 NA NA 1950
"982" 16 68 2070 -0.02378846918916 -0.544933861015275 2050
"983" 16 69 2102 NA NA 2150
"984" 16 70 2130 -0.298044382072519 0.242256526672543 2150
"985" 17 18 30 NA NA 50
"986" 17 19 72 NA NA 50
"987" 17 20 90 NA NA 50
"988" 17 21 130 NA NA 150
"989" 17 22 150 NA NA 150
"990" 17 23 188 NA NA 150
"991" 17 24 210 NA NA 250
"992" 17 25 240 NA NA 250
"993" 17 26 246 NA NA 250
"994" 17 27 270 NA NA 250
"995" 17 28 304 NA NA 350
"996" 17 29 330 NA NA 350
"997" 17 30 360 NA NA 350
"998" 17 31 362 NA NA 350
"999" 17 32 390 NA NA 350
"1000" 17 33 449 NA NA 450
"1001" 17 34 450 NA NA 450
"1002" 17 35 480 NA NA 450
"1003" 17 36 510 NA NA 550
"1004" 17 37 565 NA NA 550
"1005" 17 38 600 NA NA 650
"1006" 17 39 660 NA NA 650
"1007" 17 40 681 NA NA 650
"1008" 17 41 720 NA NA 750
"1009" 17 42 797 NA NA 750
"1010" 17 43 840 NA NA 850
"1011" 17 44 900 NA NA 950
"1012" 17 45 912 NA NA 950
"1013" 17 46 960 NA NA 950
"1014" 17 47 1028 NA NA 1050
"1015" 17 48 1080 NA NA 1050
"1016" 17 49 1140 NA NA 1150
"1017" 17 50 1144 NA NA 1150
"1018" 17 51 1200 NA NA 1250
"1019" 17 52 1260 NA NA 1250
"1020" 17 53 1320 NA NA 1350
"1021" 17 54 1376 NA NA 1350
"1022" 17 55 1380 NA NA 1350
"1023" 17 56 1440 NA NA 1450
"1024" 17 57 1492 NA NA 1450
"1025" 17 58 1560 NA NA 1550
"1026" 17 59 1608 NA NA 1650
"1027" 17 60 1620 NA NA 1650
"1028" 17 61 1680 NA NA 1650
"1029" 17 62 1724 NA NA 1750
"1030" 17 63 1800 NA NA 1850
"1031" 17 64 1840 NA NA 1850
"1032" 17 65 1860 NA NA 1850
"1033" 17 66 1920 NA NA 1950
"1034" 17 67 1956 NA NA 1950
"1035" 17 68 2040 NA NA 2050
"1036" 17 69 2072 NA NA 2050
"1037" 17 70 2100 NA NA 2150
"1038" 18 19 42 NA NA 50
"1039" 18 20 60 0.85385157315496 0.937454287037193 50
"1040" 18 21 100 NA NA 150
"1041" 18 22 120 0.974376975675746 0.793964378443685 150
"1042" 18 23 158 NA NA 150
"1043" 18 24 180 0.383777756493358 0.862150461527 150
"1044" 18 25 210 -1 -1 250
"1045" 18 26 216 NA NA 250
"1046" 18 27 240 0.423252237564 0.90342199707121 250
"1047" 18 28 274 NA NA 250
"1048" 18 29 300 0.842268023931433 0.567471751750668 350
"1049" 18 30 330 NA NA 350
"1050" 18 31 332 NA NA 350
"1051" 18 32 360 0.787759444271641 0.739603767097076 350
"1052" 18 33 419 NA NA 450
"1053" 18 34 420 0.642558598235779 0.383094091309211 450
"1054" 18 35 450 -0.57698753246996 0.564846504145098 450
"1055" 18 36 480 0.646213240573335 -0.784543194743386 450
"1056" 18 37 535 NA NA 550
"1057" 18 38 570 0.382582013952502 0.532994451624092 550
"1058" 18 39 630 NA NA 650
"1059" 18 40 651 NA NA 650
"1060" 18 41 690 0.698177757000778 0.275111843848684 650
"1061" 18 42 767 NA NA 750
"1062" 18 43 810 0.841844823212308 -0.0103914927267229 850
"1063" 18 44 870 -0.307875038447024 -0.0322843386349282 850
"1064" 18 45 882 NA NA 850
"1065" 18 46 930 0.818120659458765 0.08515710660895 950
"1066" 18 47 998 NA NA 950
"1067" 18 48 1050 0.392256325435124 -0.66770586371087 1050
"1068" 18 49 1110 0.369476485526057 -0.508894246522359 1150
"1069" 18 50 1114 NA NA 1150
"1070" 18 51 1170 -0.527457496553748 -0.204409249701427 1150
"1071" 18 52 1230 NA NA 1250
"1072" 18 53 1290 -0.715106167132264 -0.859641169785615 1250
"1073" 18 54 1346 NA NA 1350
"1074" 18 55 1350 -1 -1 1350
"1075" 18 56 1410 0.654295706406583 -0.461518419511696 1450
"1076" 18 57 1462 NA NA 1450
"1077" 18 58 1530 0.529971155733648 -0.418114293293981 1550
"1078" 18 59 1578 NA NA 1550
"1079" 18 60 1590 NA NA 1550
"1080" 18 61 1650 -0.175589399704896 -0.345753772624505 1650
"1081" 18 62 1694 NA NA 1650
"1082" 18 63 1770 -0.130148404370131 -0.183035588936962 1750
"1083" 18 64 1810 NA NA 1850
"1084" 18 65 1830 1 -1 1850
"1085" 18 66 1890 0.357265444169785 -0.504619742608014 1850
"1086" 18 67 1926 NA NA 1950
"1087" 18 68 2010 0.524737637432185 -0.565722953142857 2050
"1088" 18 69 2042 NA NA 2050
"1089" 18 70 2070 -1 1 2050
"1090" 19 20 18 NA NA 50
"1091" 19 21 58 NA NA 50
"1092" 19 22 78 NA NA 50
"1093" 19 23 116 NA NA 150
"1094" 19 24 138 NA NA 150
"1095" 19 25 168 NA NA 150
"1096" 19 26 174 1 -1 150
"1097" 19 27 198 NA NA 150
"1098" 19 28 232 1 1 250
"1099" 19 29 258 NA NA 250
"1100" 19 30 288 NA NA 250
"1101" 19 31 290 1 1 250
"1102" 19 32 318 NA NA 350
"1103" 19 33 377 1 1 350
"1104" 19 34 378 NA NA 350
"1105" 19 35 408 NA NA 450
"1106" 19 36 438 NA NA 450
"1107" 19 37 493 -1 1 450
"1108" 19 38 528 NA NA 550
"1109" 19 39 588 NA NA 550
"1110" 19 40 609 -1 -1 650
"1111" 19 41 648 NA NA 650
"1112" 19 42 725 -1 -1 750
"1113" 19 43 768 NA NA 750
"1114" 19 44 828 NA NA 850
"1115" 19 45 840 -1 -1 850
"1116" 19 46 888 NA NA 850
"1117" 19 47 956 1 -1 950
"1118" 19 48 1008 NA NA 1050
"1119" 19 49 1068 NA NA 1050
"1120" 19 50 1072 -1 -1 1050
"1121" 19 51 1128 NA NA 1150
"1122" 19 52 1188 NA NA 1150
"1123" 19 53 1248 NA NA 1250
"1124" 19 54 1304 -1 -1 1350
"1125" 19 55 1308 NA NA 1350
"1126" 19 56 1368 NA NA 1350
"1127" 19 57 1420 NA NA 1450
"1128" 19 58 1488 NA NA 1450
"1129" 19 59 1536 -1 -1 1550
"1130" 19 60 1548 NA NA 1550
"1131" 19 61 1608 NA NA 1650
"1132" 19 62 1652 NA NA 1650
"1133" 19 63 1728 NA NA 1750
"1134" 19 64 1768 -1 -1 1750
"1135" 19 65 1788 NA NA 1750
"1136" 19 66 1848 NA NA 1850
"1137" 19 67 1884 NA NA 1850
"1138" 19 68 1968 NA NA 1950
"1139" 19 69 2000 -1 1 2050
"1140" 19 70 2028 NA NA 2050
"1141" 20 21 40 NA NA 50
"1142" 20 22 60 0.930655365410027 0.835037823756386 50
"1143" 20 23 98 NA NA 50
"1144" 20 24 120 0.844275448300792 0.892204462464044 150
"1145" 20 25 150 1 -1 150
"1146" 20 26 156 NA NA 150
"1147" 20 27 180 0.885878905147581 0.976851007732157 150
"1148" 20 28 214 NA NA 250
"1149" 20 29 240 0.720348126324577 0.664804217683982 250
"1150" 20 30 270 NA NA 250
"1151" 20 31 272 NA NA 250
"1152" 20 32 300 0.573455849596977 0.87719841693792 350
"1153" 20 33 359 NA NA 350
"1154" 20 34 360 0.515141238938411 0.339848488610943 350
"1155" 20 35 390 -0.504752475828185 0.626902877713039 350
"1156" 20 36 420 0.889099766343308 -0.500676466608377 450
"1157" 20 37 475 NA NA 450
"1158" 20 38 510 0.561380367478221 0.351351634510676 550
"1159" 20 39 570 NA NA 550
"1160" 20 40 591 NA NA 550
"1161" 20 41 630 0.753577202823232 0.233365937920492 650
"1162" 20 42 707 NA NA 750
"1163" 20 43 750 0.800922755053166 -0.118062679084679 750
"1164" 20 44 810 -0.146727292027227 0.169068735549435 850
"1165" 20 45 822 NA NA 850
"1166" 20 46 870 0.966999393639503 0.0894100582584175 850
"1167" 20 47 938 NA NA 950
"1168" 20 48 990 0.344619386052639 -0.543029771752332 950
"1169" 20 49 1050 0.742043672770999 -0.63301878206186 1050
"1170" 20 50 1054 NA NA 1050
"1171" 20 51 1110 0.589991568705774 -0.425971744834856 1150
"1172" 20 52 1170 NA NA 1150
"1173" 20 53 1230 0.235681839000614 -0.435287250601164 1250
"1174" 20 54 1286 NA NA 1250
"1175" 20 55 1290 -1 -1 1250
"1176" 20 56 1350 0.743390402941154 -0.109387869147476 1350
"1177" 20 57 1402 NA NA 1450
"1178" 20 58 1470 0.524961545910185 -0.120237782970061 1450
"1179" 20 59 1518 NA NA 1550
"1180" 20 60 1530 NA NA 1550
"1181" 20 61 1590 0.401074779347795 -0.469301904190527 1550
"1182" 20 62 1634 NA NA 1650
"1183" 20 63 1710 0.46933767867545 -0.0848235494882124 1750
"1184" 20 64 1750 NA NA 1750
"1185" 20 65 1770 1 -1 1750
"1186" 20 66 1830 0.42638189791058 -0.21964985907008 1850
"1187" 20 67 1866 NA NA 1850
"1188" 20 68 1950 0.686373820935946 -0.303388636476875 1950
"1189" 20 69 1982 NA NA 1950
"1190" 20 70 2010 -1 1 2050
"1191" 21 22 20 NA NA 50
"1192" 21 23 58 NA NA 50
"1193" 21 24 80 NA NA 50
"1194" 21 25 110 NA NA 150
"1195" 21 26 116 NA NA 150
"1196" 21 27 140 NA NA 150
"1197" 21 28 174 NA NA 150
"1198" 21 29 200 NA NA 250
"1199" 21 30 230 NA NA 250
"1200" 21 31 232 NA NA 250
"1201" 21 32 260 NA NA 250
"1202" 21 33 319 NA NA 350
"1203" 21 34 320 NA NA 350
"1204" 21 35 350 NA NA 350
"1205" 21 36 380 NA NA 350
"1206" 21 37 435 NA NA 450
"1207" 21 38 470 NA NA 450
"1208" 21 39 530 NA NA 550
"1209" 21 40 551 NA NA 550
"1210" 21 41 590 NA NA 550
"1211" 21 42 667 NA NA 650
"1212" 21 43 710 NA NA 750
"1213" 21 44 770 NA NA 750
"1214" 21 45 782 NA NA 750
"1215" 21 46 830 NA NA 850
"1216" 21 47 898 NA NA 850
"1217" 21 48 950 NA NA 950
"1218" 21 49 1010 NA NA 1050
"1219" 21 50 1014 NA NA 1050
"1220" 21 51 1070 NA NA 1050
"1221" 21 52 1130 NA NA 1150
"1222" 21 53 1190 NA NA 1150
"1223" 21 54 1246 NA NA 1250
"1224" 21 55 1250 NA NA 1250
"1225" 21 56 1310 NA NA 1350
"1226" 21 57 1362 NA NA 1350
"1227" 21 58 1430 NA NA 1450
"1228" 21 59 1478 NA NA 1450
"1229" 21 60 1490 NA NA 1450
"1230" 21 61 1550 NA NA 1550
"1231" 21 62 1594 NA NA 1550
"1232" 21 63 1670 NA NA 1650
"1233" 21 64 1710 NA NA 1750
"1234" 21 65 1730 NA NA 1750
"1235" 21 66 1790 NA NA 1750
"1236" 21 67 1826 NA NA 1850
"1237" 21 68 1910 NA NA 1950
"1238" 21 69 1942 NA NA 1950
"1239" 21 70 1970 NA NA 1950
"1240" 22 23 38 NA NA 50
"1241" 22 24 60 0.850575254262784 0.832555212772631 50
"1242" 22 25 90 NA NA 50
"1243" 22 26 96 NA NA 50
"1244" 22 27 120 0.89980508322264 0.804442328060006 150
"1245" 22 28 154 NA NA 150
"1246" 22 29 180 0.836441479639024 0.669662683179741 150
"1247" 22 30 210 NA NA 250
"1248" 22 31 212 NA NA 250
"1249" 22 32 240 0.699951478460982 0.583531550877654 250
"1250" 22 33 299 NA NA 250
"1251" 22 34 300 0.736750178879224 0.600568958601199 350
"1252" 22 35 330 -1 1 350
"1253" 22 36 360 0.70298858993824 0.358058594494464 350
"1254" 22 37 415 NA NA 450
"1255" 22 38 450 0.622769145461586 0.185392516946242 450
"1256" 22 39 510 NA NA 550
"1257" 22 40 531 NA NA 550
"1258" 22 41 570 0.827716850011521 0.351329624958244 550
"1259" 22 42 647 NA NA 650
"1260" 22 43 690 0.741620727640615 -0.113387591717054 650
"1261" 22 44 750 1 1 750
"1262" 22 45 762 NA NA 750
"1263" 22 46 810 0.500539804484114 0.0416006391585847 850
"1264" 22 47 878 NA NA 850
"1265" 22 48 930 0.190879574029409 -0.183505657201934 950
"1266" 22 49 990 0.245460539919265 -0.236913669485845 950
"1267" 22 50 994 NA NA 950
"1268" 22 51 1050 0.225755871111164 0.0991904441855093 1050
"1269" 22 52 1110 NA NA 1150
"1270" 22 53 1170 -0.0237965781591766 0.141097494542255 1150
"1271" 22 54 1226 NA NA 1250
"1272" 22 55 1230 -1 -1 1250
"1273" 22 56 1290 0.367640846087921 0.180197601925222 1250
"1274" 22 57 1342 NA NA 1350
"1275" 22 58 1410 0.402797411968755 0.362518980209687 1450
"1276" 22 59 1458 NA NA 1450
"1277" 22 60 1470 1 1 1450
"1278" 22 61 1530 0.0610183487563829 0.26983298591197 1550
"1279" 22 62 1574 NA NA 1550
"1280" 22 63 1650 0.177761090172305 0.445489107103447 1650
"1281" 22 64 1690 NA NA 1650
"1282" 22 65 1710 1 -1 1750
"1283" 22 66 1770 0.441904730543718 0.362821970717356 1750
"1284" 22 67 1806 NA NA 1850
"1285" 22 68 1890 0.421986510746079 0.0825855467694073 1850
"1286" 22 69 1922 NA NA 1950
"1287" 22 70 1950 -0.129014591043384 0.584429466707811 1950
"1288" 23 24 22 NA NA 50
"1289" 23 25 52 NA NA 50
"1290" 23 26 58 -1 1 50
"1291" 23 27 82 NA NA 50
"1292" 23 28 116 1 -1 150
"1293" 23 29 142 NA NA 150
"1294" 23 30 172 NA NA 150
"1295" 23 31 174 -1 1 150
"1296" 23 32 202 NA NA 250
"1297" 23 33 261 NA NA 250
"1298" 23 34 262 NA NA 250
"1299" 23 35 292 NA NA 250
"1300" 23 36 322 NA NA 350
"1301" 23 37 377 -1 -1 350
"1302" 23 38 412 NA NA 450
"1303" 23 39 472 NA NA 450
"1304" 23 40 493 -1 -1 450
"1305" 23 41 532 NA NA 550
"1306" 23 42 609 -1 -1 650
"1307" 23 43 652 NA NA 650
"1308" 23 44 712 NA NA 750
"1309" 23 45 724 -1 -1 750
"1310" 23 46 772 NA NA 750
"1311" 23 47 840 -1 -1 850
"1312" 23 48 892 NA NA 850
"1313" 23 49 952 NA NA 950
"1314" 23 50 956 -1 -1 950
"1315" 23 51 1012 NA NA 1050
"1316" 23 52 1072 -1 -1 1050
"1317" 23 53 1132 NA NA 1150
"1318" 23 54 1188 1 -1 1150
"1319" 23 55 1192 NA NA 1150
"1320" 23 56 1252 NA NA 1250
"1321" 23 57 1304 NA NA 1350
"1322" 23 58 1372 NA NA 1350
"1323" 23 59 1420 1 1 1450
"1324" 23 60 1432 NA NA 1450
"1325" 23 61 1492 NA NA 1450
"1326" 23 62 1536 -1 1 1550
"1327" 23 63 1612 NA NA 1650
"1328" 23 64 1652 -1 1 1650
"1329" 23 65 1672 NA NA 1650
"1330" 23 66 1732 NA NA 1750
"1331" 23 67 1768 -1 1 1750
"1332" 23 68 1852 NA NA 1850
"1333" 23 69 1884 -1 -1 1850
"1334" 23 70 1912 NA NA 1950
"1335" 24 25 30 NA NA 50
"1336" 24 26 36 NA NA 50
"1337" 24 27 60 0.929630550427083 0.983995714843258 50
"1338" 24 28 94 NA NA 50
"1339" 24 29 120 0.846949451170923 0.878788772312637 150
"1340" 24 30 150 NA NA 150
"1341" 24 31 152 NA NA 150
"1342" 24 32 180 0.876238586950498 0.871736601521963 150
"1343" 24 33 239 NA NA 250
"1344" 24 34 240 0.669866797691768 0.818090693002699 250
"1345" 24 35 270 1 -1 250
"1346" 24 36 300 0.711914067330491 0.707705907966919 350
"1347" 24 37 355 NA NA 350
"1348" 24 38 390 0.782150957068418 0.79340768249153 350
"1349" 24 39 450 NA NA 450
"1350" 24 40 471 NA NA 450
"1351" 24 41 510 0.86862501368908 0.829236134166346 550
"1352" 24 42 587 NA NA 550
"1353" 24 43 630 0.757312056336609 0.418175603476324 650
"1354" 24 44 690 1 1 650
"1355" 24 45 702 NA NA 750
"1356" 24 46 750 0.378864193807348 0.736139967167309 750
"1357" 24 47 818 NA NA 850
"1358" 24 48 870 -0.389677285668745 0.151273303715611 850
"1359" 24 49 930 1 1 950
"1360" 24 50 934 NA NA 950
"1361" 24 51 990 -0.0458216676210353 0.252196316204155 950
"1362" 24 52 1050 NA NA 1050
"1363" 24 53 1110 -0.68736578605636 0.0148299055912865 1150
"1364" 24 54 1166 NA NA 1150
"1365" 24 55 1170 NA NA 1150
"1366" 24 56 1230 -0.131094435761787 -0.309123862007892 1250
"1367" 24 57 1282 NA NA 1250
"1368" 24 58 1350 0.564968577365175 0.169660281493981 1350
"1369" 24 59 1398 NA NA 1350
"1370" 24 60 1410 NA NA 1450
"1371" 24 61 1470 0.0291791004552857 -0.12019487246556 1450
"1372" 24 62 1514 NA NA 1550
"1373" 24 63 1590 -0.52748814979207 0.166771080189684 1550
"1374" 24 64 1630 NA NA 1650
"1375" 24 65 1650 NA NA 1650
"1376" 24 66 1710 0.274682048488051 -0.00362033553132304 1750
"1377" 24 67 1746 NA NA 1750
"1378" 24 68 1830 0.204333991429831 -0.0865373940756726 1850
"1379" 24 69 1862 NA NA 1850
"1380" 24 70 1890 0.465732521787065 0.891319724611881 1850
"1381" 25 26 6 NA NA 50
"1382" 25 27 30 NA NA 50
"1383" 25 28 64 NA NA 50
"1384" 25 29 90 NA NA 50
"1385" 25 30 120 NA NA 150
"1386" 25 31 122 NA NA 150
"1387" 25 32 150 NA NA 150
"1388" 25 33 209 NA NA 250
"1389" 25 34 210 NA NA 250
"1390" 25 35 240 NA NA 250
"1391" 25 36 270 NA NA 250
"1392" 25 37 325 NA NA 350
"1393" 25 38 360 NA NA 350
"1394" 25 39 420 NA NA 450
"1395" 25 40 441 NA NA 450
"1396" 25 41 480 NA NA 450
"1397" 25 42 557 NA NA 550
"1398" 25 43 600 NA NA 650
"1399" 25 44 660 1 1 650
"1400" 25 45 672 NA NA 650
"1401" 25 46 720 NA NA 750
"1402" 25 47 788 NA NA 750
"1403" 25 48 840 1 1 850
"1404" 25 49 900 NA NA 950
"1405" 25 50 904 NA NA 950
"1406" 25 51 960 1 1 950
"1407" 25 52 1020 NA NA 1050
"1408" 25 53 1080 1 1 1050
"1409" 25 54 1136 NA NA 1150
"1410" 25 55 1140 NA NA 1150
"1411" 25 56 1200 NA NA 1250
"1412" 25 57 1252 NA NA 1250
"1413" 25 58 1320 NA NA 1350
"1414" 25 59 1368 NA NA 1350
"1415" 25 60 1380 NA NA 1350
"1416" 25 61 1440 1 1 1450
"1417" 25 62 1484 NA NA 1450
"1418" 25 63 1560 NA NA 1550
"1419" 25 64 1600 NA NA 1650
"1420" 25 65 1620 NA NA 1650
"1421" 25 66 1680 NA NA 1650
"1422" 25 67 1716 NA NA 1750
"1423" 25 68 1800 NA NA 1850
"1424" 25 69 1832 NA NA 1850
"1425" 25 70 1860 NA NA 1850
"1426" 26 27 24 NA NA 50
"1427" 26 28 58 0.967074407212815 -0.877605068650366 50
"1428" 26 29 84 NA NA 50
"1429" 26 30 114 NA NA 150
"1430" 26 31 116 0.985742154984475 0.61267680034523 150
"1431" 26 32 144 NA NA 150
"1432" 26 33 203 1 -1 250
"1433" 26 34 204 NA NA 250
"1434" 26 35 234 NA NA 250
"1435" 26 36 264 NA NA 250
"1436" 26 37 319 0.545401815382369 -0.905963962116062 350
"1437" 26 38 354 NA NA 350
"1438" 26 39 414 NA NA 450
"1439" 26 40 435 0.381747572678579 -0.106623262132428 450
"1440" 26 41 474 NA NA 450
"1441" 26 42 551 0.364980505138303 0.252161440184135 550
"1442" 26 43 594 NA NA 550
"1443" 26 44 654 NA NA 650
"1444" 26 45 666 0.575109730052401 0.198509322851896 650
"1445" 26 46 714 NA NA 750
"1446" 26 47 782 0.73550175256578 -0.0271430302036516 750
"1447" 26 48 834 NA NA 850
"1448" 26 49 894 NA NA 850
"1449" 26 50 898 -0.158426909303874 -0.269899620257541 850
"1450" 26 51 954 NA NA 950
"1451" 26 52 1014 1 -1 1050
"1452" 26 53 1074 NA NA 1050
"1453" 26 54 1130 -0.716426596855816 -0.149614622587309 1150
"1454" 26 55 1134 NA NA 1150
"1455" 26 56 1194 NA NA 1150
"1456" 26 57 1246 -0.865482337963664 0.993693677927801 1250
"1457" 26 58 1314 NA NA 1350
"1458" 26 59 1362 -0.947724449984174 0.684688438774231 1350
"1459" 26 60 1374 NA NA 1350
"1460" 26 61 1434 NA NA 1450
"1461" 26 62 1478 1 1 1450
"1462" 26 63 1554 NA NA 1550
"1463" 26 64 1594 -0.507098169124096 0.99955442419753 1550
"1464" 26 65 1614 NA NA 1650
"1465" 26 66 1674 NA NA 1650
"1466" 26 67 1710 1 1 1750
"1467" 26 68 1794 NA NA 1750
"1468" 26 69 1826 0.177964164333967 -0.99730775450289 1850
"1469" 26 70 1854 NA NA 1850
"1470" 27 28 34 NA NA 50
"1471" 27 29 60 0.944883987438275 0.865853679665734 50
"1472" 27 30 90 NA NA 50
"1473" 27 31 92 NA NA 50
"1474" 27 32 120 0.912654907926989 0.843637795756071 150
"1475" 27 33 179 NA NA 150
"1476" 27 34 180 0.793560469657635 0.901744553518722 150
"1477" 27 35 210 -1 -1 250
"1478" 27 36 240 0.628896889141497 0.729349045409054 250
"1479" 27 37 295 NA NA 250
"1480" 27 38 330 0.80499202645006 0.706515081621431 350
"1481" 27 39 390 NA NA 350
"1482" 27 40 411 NA NA 450
"1483" 27 41 450 0.84948876024149 0.760507213162287 450
"1484" 27 42 527 NA NA 550
"1485" 27 43 570 0.818028825697979 0.284369371602729 550
"1486" 27 44 630 NA NA 650
"1487" 27 45 642 NA NA 650
"1488" 27 46 690 0.505868535748031 0.626017036303955 650
"1489" 27 47 758 NA NA 750
"1490" 27 48 810 -0.156089576169868 0.799917440957712 850
"1491" 27 49 870 1 1 850
"1492" 27 50 874 NA NA 850
"1493" 27 51 930 0.00933302569338645 0.467937586980034 950
"1494" 27 52 990 NA NA 950
"1495" 27 53 1050 -0.829720784220056 0.271800314224725 1050
"1496" 27 54 1106 NA NA 1150
"1497" 27 55 1110 1 1 1150
"1498" 27 56 1170 -0.469238156237714 -0.203346080220805 1150
"1499" 27 57 1222 NA NA 1250
"1500" 27 58 1290 0.344699010181302 0.124895859458009 1250
"1501" 27 59 1338 NA NA 1350
"1502" 27 60 1350 1 1 1350
"1503" 27 61 1410 0.103876436591748 -0.132007023697813 1450
"1504" 27 62 1454 NA NA 1450
"1505" 27 63 1530 -0.245507974668694 0.196574494210363 1550
"1506" 27 64 1570 NA NA 1550
"1507" 27 65 1590 NA NA 1550
"1508" 27 66 1650 0.398663183329833 -0.11147838465535 1650
"1509" 27 67 1686 NA NA 1650
"1510" 27 68 1770 0.291533212838035 -0.0913187914172366 1750
"1511" 27 69 1802 NA NA 1850
"1512" 27 70 1830 1 -1 1850
"1513" 28 29 26 NA NA 50
"1514" 28 30 56 NA NA 50
"1515" 28 31 58 0.996107874197227 -0.158814734316735 50
"1516" 28 32 86 NA NA 50
"1517" 28 33 145 1 1 150
"1518" 28 34 146 NA NA 150
"1519" 28 35 176 NA NA 150
"1520" 28 36 206 NA NA 250
"1521" 28 37 261 0.314133873444593 0.998028232856835 250
"1522" 28 38 296 NA NA 250
"1523" 28 39 356 NA NA 350
"1524" 28 40 377 0.133958188439623 -0.383078488464268 350
"1525" 28 41 416 NA NA 450
"1526" 28 42 493 0.116025725434142 -0.685191277511618 450
"1527" 28 43 536 NA NA 550
"1528" 28 44 596 NA NA 550
"1529" 28 45 608 0.347978565662209 -0.644056897897963 650
"1530" 28 46 656 NA NA 650
"1531" 28 47 724 0.800731234606599 -0.196978437504245 750
"1532" 28 48 776 NA NA 750
"1533" 28 49 836 NA NA 850
"1534" 28 50 840 -0.404490326361836 -0.224728374296161 850
"1535" 28 51 896 NA NA 850
"1536" 28 52 956 -1 1 950
"1537" 28 53 1016 NA NA 1050
"1538" 28 54 1072 -0.515287056223978 -0.342686022701331 1050
"1539" 28 55 1076 NA NA 1050
"1540" 28 56 1136 NA NA 1150
"1541" 28 57 1188 -1 1 1150
"1542" 28 58 1256 NA NA 1250
"1543" 28 59 1304 -0.835313660516175 -0.950278550731215 1350
"1544" 28 60 1316 NA NA 1350
"1545" 28 61 1376 NA NA 1350
"1546" 28 62 1420 -1 -1 1450
"1547" 28 63 1496 NA NA 1450
"1548" 28 64 1536 -0.70974688508434 -0.862904964128553 1550
"1549" 28 65 1556 NA NA 1550
"1550" 28 66 1616 NA NA 1650
"1551" 28 67 1652 -1 -1 1650
"1552" 28 68 1736 NA NA 1750
"1553" 28 69 1768 -0.0783267124067977 0.910395443199575 1750
"1554" 28 70 1796 NA NA 1750
"1555" 29 30 30 NA NA 50
"1556" 29 31 32 NA NA 50
"1557" 29 32 60 0.973095265441996 0.962984336597519 50
"1558" 29 33 119 NA NA 150
"1559" 29 34 120 0.792165624375037 0.90508734468745 150
"1560" 29 35 150 1 1 150
"1561" 29 36 180 0.629800876418524 0.708341630184109 150
"1562" 29 37 235 NA NA 250
"1563" 29 38 270 0.721256633735151 0.608804240084328 250
"1564" 29 39 330 NA NA 350
"1565" 29 40 351 NA NA 350
"1566" 29 41 390 0.754972625129772 0.502559987945733 350
"1567" 29 42 467 NA NA 450
"1568" 29 43 510 0.665550387278623 0.165208367852839 550
"1569" 29 44 570 1 1 550
"1570" 29 45 582 NA NA 550
"1571" 29 46 630 0.400974777433037 0.260881120908501 650
"1572" 29 47 698 NA NA 650
"1573" 29 48 750 -0.0179326432183023 0.236014612635721 750
"1574" 29 49 810 -0.375708234710904 -0.277709950851326 850
"1575" 29 50 814 NA NA 850
"1576" 29 51 870 -0.231648063251623 0.433179363351712 850
"1577" 29 52 930 NA NA 950
"1578" 29 53 990 -0.908483368641762 -0.0790937344362767 950
"1579" 29 54 1046 NA NA 1050
"1580" 29 55 1050 0.775477144587606 -0.0321748614761984 1050
"1581" 29 56 1110 -0.0943393264663829 -0.275814718478849 1150
"1582" 29 57 1162 NA NA 1150
"1583" 29 58 1230 0.279660342246128 0.18599561675421 1250
"1584" 29 59 1278 NA NA 1250
"1585" 29 60 1290 0.371523125067665 -0.961826457043297 1250
"1586" 29 61 1350 0.0130125218852168 -0.161460716008863 1350
"1587" 29 62 1394 NA NA 1350
"1588" 29 63 1470 -0.444053351079322 -0.0560963445927031 1450
"1589" 29 64 1510 NA NA 1550
"1590" 29 65 1530 0.82209277333752 -0.462928329106162 1550
"1591" 29 66 1590 0.641242099483675 0.177042993392473 1550
"1592" 29 67 1626 NA NA 1650
"1593" 29 68 1710 0.268017693528936 -0.233705055856642 1750
"1594" 29 69 1742 NA NA 1750
"1595" 29 70 1770 0.553478996186126 -0.33709722935916 1750
"1596" 30 31 2 NA NA 50
"1597" 30 32 30 NA NA 50
"1598" 30 33 89 NA NA 50
"1599" 30 34 90 NA NA 50
"1600" 30 35 120 NA NA 150
"1601" 30 36 150 NA NA 150
"1602" 30 37 205 NA NA 250
"1603" 30 38 240 NA NA 250
"1604" 30 39 300 NA NA 350
"1605" 30 40 321 NA NA 350
"1606" 30 41 360 NA NA 350
"1607" 30 42 437 NA NA 450
"1608" 30 43 480 NA NA 450
"1609" 30 44 540 NA NA 550
"1610" 30 45 552 NA NA 550
"1611" 30 46 600 NA NA 650
"1612" 30 47 668 NA NA 650
"1613" 30 48 720 NA NA 750
"1614" 30 49 780 NA NA 750
"1615" 30 50 784 NA NA 750
"1616" 30 51 840 NA NA 850
"1617" 30 52 900 NA NA 950
"1618" 30 53 960 1 -1 950
"1619" 30 54 1016 NA NA 1050
"1620" 30 55 1020 NA NA 1050
"1621" 30 56 1080 NA NA 1050
"1622" 30 57 1132 NA NA 1150
"1623" 30 58 1200 NA NA 1250
"1624" 30 59 1248 NA NA 1250
"1625" 30 60 1260 NA NA 1250
"1626" 30 61 1320 1 1 1350
"1627" 30 62 1364 NA NA 1350
"1628" 30 63 1440 NA NA 1450
"1629" 30 64 1480 NA NA 1450
"1630" 30 65 1500 NA NA 1550
"1631" 30 66 1560 1 1 1550
"1632" 30 67 1596 NA NA 1550
"1633" 30 68 1680 1 1 1650
"1634" 30 69 1712 NA NA 1750
"1635" 30 70 1740 NA NA 1750
"1636" 31 32 28 NA NA 50
"1637" 31 33 87 1 1 50
"1638" 31 34 88 NA NA 50
"1639" 31 35 118 NA NA 150
"1640" 31 36 148 NA NA 150
"1641" 31 37 203 0.396591850959139 -0.220471582885184 250
"1642" 31 38 238 NA NA 250
"1643" 31 39 298 NA NA 250
"1644" 31 40 319 0.220784891543495 -0.851153857795464 350
"1645" 31 41 358 NA NA 350
"1646" 31 42 435 0.203121357627023 -0.610300610508757 450
"1647" 31 43 478 NA NA 450
"1648" 31 44 538 NA NA 550
"1649" 31 45 550 0.429258016614777 -0.652983076030538 550
"1650" 31 46 598 NA NA 550
"1651" 31 47 666 0.850414150528932 -0.936681800434323 650
"1652" 31 48 718 NA NA 750
"1653" 31 49 778 NA NA 750
"1654" 31 50 782 -0.322305942722093 -0.92636430512577 750
"1655" 31 51 838 NA NA 850
"1656" 31 52 898 1 -1 850
"1657" 31 53 958 NA NA 950
"1658" 31 54 1014 -0.5888211851641 -0.873103281723837 1050
"1659" 31 55 1018 NA NA 1050
"1660" 31 56 1078 NA NA 1050
"1661" 31 57 1130 -1 1 1150
"1662" 31 58 1198 NA NA 1150
"1663" 31 59 1246 -0.880520948682351 -0.156530735829127 1250
"1664" 31 60 1258 NA NA 1250
"1665" 31 61 1318 NA NA 1350
"1666" 31 62 1362 1 1 1350
"1667" 31 63 1438 NA NA 1450
"1668" 31 64 1478 -0.644891868310163 0.635994343997797 1450
"1669" 31 65 1498 NA NA 1450
"1670" 31 66 1558 NA NA 1550
"1671" 31 67 1594 1 1 1550
"1672" 31 68 1678 NA NA 1650
"1673" 31 69 1710 0.0098498636795224 -0.553072412311584 1750
"1674" 31 70 1738 NA NA 1750
"1675" 32 33 59 NA NA 50
"1676" 32 34 60 0.895570138461751 0.911160932533426 50
"1677" 32 35 90 1 1 50
"1678" 32 36 120 0.733272095846818 0.483236375602107 150
"1679" 32 37 175 NA NA 150
"1680" 32 38 210 0.662047963584894 0.741036047471981 250
"1681" 32 39 270 NA NA 250
"1682" 32 40 291 NA NA 250
"1683" 32 41 330 0.798046587187925 0.60375164567898 350
"1684" 32 42 407 NA NA 450
"1685" 32 43 450 0.749091842397886 0.264363666245858 450
"1686" 32 44 510 NA NA 550
"1687" 32 45 522 NA NA 550
"1688" 32 46 570 0.206753165447433 0.325186368742029 550
"1689" 32 47 638 NA NA 650
"1690" 32 48 690 0.0106710636604055 0.483047432869355 650
"1691" 32 49 750 -0.269870940223653 -0.221764675400642 750
"1692" 32 50 754 NA NA 750
"1693" 32 51 810 -0.186920758374426 0.324142380983731 850
"1694" 32 52 870 NA NA 850
"1695" 32 53 930 -0.571006884175604 -0.373731167669982 950
"1696" 32 54 986 NA NA 950
"1697" 32 55 990 0.747426121212995 0.0706325757700349 950
"1698" 32 56 1050 -0.177157673025629 -0.225221400559199 1050
"1699" 32 57 1102 NA NA 1150
"1700" 32 58 1170 0.000868623996321081 0.246377426527808 1150
"1701" 32 59 1218 NA NA 1250
"1702" 32 60 1230 0.448408039494445 -0.999678174164261 1250
"1703" 32 61 1290 -0.0809706714714855 -0.383062334767209 1250
"1704" 32 62 1334 NA NA 1350
"1705" 32 63 1410 -0.419536763746701 -0.198591792438011 1450
"1706" 32 64 1450 NA NA 1450
"1707" 32 65 1470 1 -1 1450
"1708" 32 66 1530 0.275591052138649 0.218272243532228 1550
"1709" 32 67 1566 NA NA 1550
"1710" 32 68 1650 0.201771724069921 -0.0625107828279019 1650
"1711" 32 69 1682 NA NA 1650
"1712" 32 70 1710 0.743641392320386 0.992837339022832 1750
"1713" 33 34 1 NA NA 50
"1714" 33 35 31 NA NA 50
"1715" 33 36 61 NA NA 50
"1716" 33 37 116 -1 1 150
"1717" 33 38 151 NA NA 150
"1718" 33 39 211 NA NA 250
"1719" 33 40 232 -1 -1 250
"1720" 33 41 271 NA NA 250
"1721" 33 42 348 -1 -1 350
"1722" 33 43 391 NA NA 350
"1723" 33 44 451 NA NA 450
"1724" 33 45 463 -1 -1 450
"1725" 33 46 511 NA NA 550
"1726" 33 47 579 1 -1 550
"1727" 33 48 631 NA NA 650
"1728" 33 49 691 NA NA 650
"1729" 33 50 695 -1 -1 650
"1730" 33 51 751 NA NA 750
"1731" 33 52 811 NA NA 850
"1732" 33 53 871 NA NA 850
"1733" 33 54 927 -1 -1 950
"1734" 33 55 931 NA NA 950
"1735" 33 56 991 NA NA 950
"1736" 33 57 1043 NA NA 1050
"1737" 33 58 1111 NA NA 1150
"1738" 33 59 1159 -1 -1 1150
"1739" 33 60 1171 NA NA 1150
"1740" 33 61 1231 NA NA 1250
"1741" 33 62 1275 NA NA 1250
"1742" 33 63 1351 NA NA 1350
"1743" 33 64 1391 -1 -1 1350
"1744" 33 65 1411 NA NA 1450
"1745" 33 66 1471 NA NA 1450
"1746" 33 67 1507 NA NA 1550
"1747" 33 68 1591 NA NA 1550
"1748" 33 69 1623 -1 1 1650
"1749" 33 70 1651 NA NA 1650
"1750" 34 35 30 NA NA 50
"1751" 34 36 60 0.927509442250794 0.547834108465677 50
"1752" 34 37 115 NA NA 150
"1753" 34 38 150 0.872167601346491 0.668029902234922 150
"1754" 34 39 210 NA NA 250
"1755" 34 40 231 NA NA 250
"1756" 34 41 270 0.949061812191835 0.652689902538986 250
"1757" 34 42 347 NA NA 350
"1758" 34 43 390 0.7802053881219 0.344156496989312 350
"1759" 34 44 450 1 1 450
"1760" 34 45 462 NA NA 450
"1761" 34 46 510 0.284842276177994 0.402709496944258 550
"1762" 34 47 578 NA NA 550
"1763" 34 48 630 0.435833772710011 0.871633119401044 650
"1764" 34 49 690 -0.399519737484874 0.0232847490710894 650
"1765" 34 50 694 NA NA 650
"1766" 34 51 750 0.190655175681628 0.737322547482221 750
"1767" 34 52 810 NA NA 850
"1768" 34 53 870 -0.431595029980835 0.0699589047790927 850
"1769" 34 54 926 NA NA 950
"1770" 34 55 930 0.850592191857448 0.151603250154097 950
"1771" 34 56 990 -0.217359794950247 -0.347881352065931 950
"1772" 34 57 1042 NA NA 1050
"1773" 34 58 1110 0.267423808698995 0.240489252356113 1150
"1774" 34 59 1158 NA NA 1150
"1775" 34 60 1170 0.832380800936195 -0.986310553260581 1150
"1776" 34 61 1230 0.0903590471322201 -0.240081746138895 1250
"1777" 34 62 1274 NA NA 1250
"1778" 34 63 1350 0.00938672104326263 -0.0312767925893032 1350
"1779" 34 64 1390 NA NA 1350
"1780" 34 65 1410 0.911725698386406 0.149385169169818 1450
"1781" 34 66 1470 0.0839313230103823 0.099827030370913 1450
"1782" 34 67 1506 NA NA 1550
"1783" 34 68 1590 0.29501990775205 -0.0627965585570368 1550
"1784" 34 69 1622 NA NA 1650
"1785" 34 70 1650 -1 -1 1650
"1786" 35 36 30 NA NA 50
"1787" 35 37 85 NA NA 50
"1788" 35 38 120 1 -1 150
"1789" 35 39 180 NA NA 150
"1790" 35 40 201 NA NA 250
"1791" 35 41 240 -1 -1 250
"1792" 35 42 317 NA NA 350
"1793" 35 43 360 -1 -1 350
"1794" 35 44 420 NA NA 450
"1795" 35 45 432 NA NA 450
"1796" 35 46 480 -1 -1 450
"1797" 35 47 548 NA NA 550
"1798" 35 48 600 1 -1 650
"1799" 35 49 660 NA NA 650
"1800" 35 50 664 NA NA 650
"1801" 35 51 720 0.550356313553976 -0.688697598515364 750
"1802" 35 52 780 NA NA 750
"1803" 35 53 840 1 1 850
"1804" 35 54 896 NA NA 850
"1805" 35 55 900 NA NA 950
"1806" 35 56 960 1 1 950
"1807" 35 57 1012 NA NA 1050
"1808" 35 58 1080 0.983591057985029 0.996732205610791 1050
"1809" 35 59 1128 NA NA 1150
"1810" 35 60 1140 NA NA 1150
"1811" 35 61 1200 0.933154546311467 0.579048096689262 1250
"1812" 35 62 1244 NA NA 1250
"1813" 35 63 1320 0.964728096242375 0.986557787503742 1350
"1814" 35 64 1360 NA NA 1350
"1815" 35 65 1380 NA NA 1350
"1816" 35 66 1440 0.87684416121813 0.787726045015621 1450
"1817" 35 67 1476 NA NA 1450
"1818" 35 68 1560 0.33431962572175 0.872023304089979 1550
"1819" 35 69 1592 NA NA 1550
"1820" 35 70 1620 1 -1 1650
"1821" 36 37 55 NA NA 50
"1822" 36 38 90 0.846006119488125 0.616265186243057 50
"1823" 36 39 150 NA NA 150
"1824" 36 40 171 NA NA 150
"1825" 36 41 210 0.953850496698421 0.833188567228556 250
"1826" 36 42 287 NA NA 250
"1827" 36 43 330 0.964276177944648 0.489112547907585 350
"1828" 36 44 390 NA NA 350
"1829" 36 45 402 NA NA 450
"1830" 36 46 450 0.515095565799786 0.790995010491241 450
"1831" 36 47 518 NA NA 550
"1832" 36 48 570 0.818527248409628 0.953746404261604 550
"1833" 36 49 630 NA NA 650
"1834" 36 50 634 NA NA 650
"1835" 36 51 690 0.67085012428466 -0.042273281842974 650
"1836" 36 52 750 NA NA 750
"1837" 36 53 810 -0.102486041715719 -0.147843700712043 850
"1838" 36 54 866 NA NA 850
"1839" 36 55 870 1 1 850
"1840" 36 56 930 0.861918380519696 -0.745775027796783 950
"1841" 36 57 982 NA NA 950
"1842" 36 58 1050 0.261627973457182 0.267492047256097 1050
"1843" 36 59 1098 NA NA 1050
"1844" 36 60 1110 0.9733422152521 -0.750177327294965 1150
"1845" 36 61 1170 0.316527629121856 -0.354193650726548 1150
"1846" 36 62 1214 NA NA 1250
"1847" 36 63 1290 0.132859113504282 -0.284411754402685 1250
"1848" 36 64 1330 NA NA 1350
"1849" 36 65 1350 1 1 1350
"1850" 36 66 1410 -0.128673287283677 0.110205601473868 1450
"1851" 36 67 1446 NA NA 1450
"1852" 36 68 1530 0.476608335601112 0.128521094077699 1550
"1853" 36 69 1562 NA NA 1550
"1854" 36 70 1590 NA NA 1550
"1855" 37 38 35 NA NA 50
"1856" 37 39 95 NA NA 50
"1857" 37 40 116 0.982902736449109 -0.324344644470388 150
"1858" 37 41 155 NA NA 150
"1859" 37 42 232 0.979414401538251 -0.63812335786505 250
"1860" 37 43 275 NA NA 250
"1861" 37 44 335 NA NA 350
"1862" 37 45 347 0.999356746256959 -0.594771923203103 350
"1863" 37 46 395 NA NA 350
"1864" 37 47 463 0.820237220531798 -0.13505317367067 450
"1865" 37 48 515 NA NA 550
"1866" 37 49 575 NA NA 550
"1867" 37 50 579 0.741182841650773 -0.163124138352033 550
"1868" 37 51 635 NA NA 650
"1869" 37 52 695 1 1 650
"1870" 37 53 755 NA NA 750
"1871" 37 54 811 -0.975503416917738 -0.283044241131449 850
"1872" 37 55 815 NA NA 850
"1873" 37 56 875 NA NA 850
"1874" 37 57 927 -1 1 950
"1875" 37 58 995 NA NA 950
"1876" 37 59 1043 -0.784343726252552 -0.928859230450635 1050
"1877" 37 60 1055 NA NA 1050
"1878" 37 61 1115 NA NA 1150
"1879" 37 62 1159 1 -1 1150
"1880" 37 63 1235 NA NA 1250
"1881" 37 64 1275 0.445840724276497 -0.892923637653867 1250
"1882" 37 65 1295 NA NA 1250
"1883" 37 66 1355 NA NA 1350
"1884" 37 67 1391 1 -1 1350
"1885" 37 68 1475 NA NA 1450
"1886" 37 69 1507 0.921856888337292 0.934569360249089 1550
"1887" 37 70 1535 NA NA 1550
"1888" 38 39 60 NA NA 50
"1889" 38 40 81 NA NA 50
"1890" 38 41 120 0.902245304392459 0.938727918892409 150
"1891" 38 42 197 NA NA 150
"1892" 38 43 240 0.790398809409598 0.82383597046279 250
"1893" 38 44 300 NA NA 350
"1894" 38 45 312 NA NA 350
"1895" 38 46 360 0.540851477290954 0.815213460954029 350
"1896" 38 47 428 NA NA 450
"1897" 38 48 480 0.289288050016019 0.800055279512385 450
"1898" 38 49 540 -0.247613362004031 0.481893926840788 550
"1899" 38 50 544 NA NA 550
"1900" 38 51 600 -0.209434875216061 0.114074497330642 650
"1901" 38 52 660 NA NA 650
"1902" 38 53 720 -0.723768294859587 -0.102556716234214 750
"1903" 38 54 776 NA NA 750
"1904" 38 55 780 -1 -1 750
"1905" 38 56 840 -0.53867665661633 -0.618255801433477 850
"1906" 38 57 892 NA NA 850
"1907" 38 58 960 -0.351215893010785 0.283433845414697 950
"1908" 38 59 1008 NA NA 1050
"1909" 38 60 1020 1 -1 1050
"1910" 38 61 1080 -0.526968250689921 -0.599799177184895 1050
"1911" 38 62 1124 NA NA 1150
"1912" 38 63 1200 -0.781975878488662 -0.464583744284192 1250
"1913" 38 64 1240 NA NA 1250
"1914" 38 65 1260 NA NA 1250
"1915" 38 66 1320 -0.0280613960076365 -0.0260540689564711 1350
"1916" 38 67 1356 NA NA 1350
"1917" 38 68 1440 0.210385970723825 0.127537053537066 1450
"1918" 38 69 1472 NA NA 1450
"1919" 38 70 1500 NA NA 1550
"1920" 39 40 21 NA NA 50
"1921" 39 41 60 NA NA 50
"1922" 39 42 137 NA NA 150
"1923" 39 43 180 NA NA 150
"1924" 39 44 240 NA NA 250
"1925" 39 45 252 NA NA 250
"1926" 39 46 300 NA NA 350
"1927" 39 47 368 NA NA 350
"1928" 39 48 420 NA NA 450
"1929" 39 49 480 NA NA 450
"1930" 39 50 484 NA NA 450
"1931" 39 51 540 NA NA 550
"1932" 39 52 600 NA NA 650
"1933" 39 53 660 NA NA 650
"1934" 39 54 716 NA NA 750
"1935" 39 55 720 NA NA 750
"1936" 39 56 780 NA NA 750
"1937" 39 57 832 NA NA 850
"1938" 39 58 900 1 -1 950
"1939" 39 59 948 NA NA 950
"1940" 39 60 960 NA NA 950
"1941" 39 61 1020 1 -1 1050
"1942" 39 62 1064 NA NA 1050
"1943" 39 63 1140 0.978865550500949 0.557803584512736 1150
"1944" 39 64 1180 NA NA 1150
"1945" 39 65 1200 NA NA 1250
"1946" 39 66 1260 0.976202549905796 0.383022933119074 1250
"1947" 39 67 1296 NA NA 1250
"1948" 39 68 1380 0.999478058223937 0.1913358776961 1350
"1949" 39 69 1412 NA NA 1450
"1950" 39 70 1440 NA NA 1450
"1951" 40 41 39 NA NA 50
"1952" 40 42 116 0.954918921566203 0.912265648405192 150
"1953" 40 43 159 NA NA 150
"1954" 40 44 219 NA NA 250
"1955" 40 45 231 0.950180948042113 0.908672554601553 250
"1956" 40 46 279 NA NA 250
"1957" 40 47 347 0.718835687030644 0.977970784299615 350
"1958" 40 48 399 NA NA 350
"1959" 40 49 459 NA NA 450
"1960" 40 50 463 0.81814085994757 0.976346987219397 450
"1961" 40 51 519 NA NA 550
"1962" 40 52 579 1 1 550
"1963" 40 53 639 NA NA 650
"1964" 40 54 695 -0.861032472578573 0.993924435135386 650
"1965" 40 55 699 NA NA 650
"1966" 40 56 759 NA NA 750
"1967" 40 57 811 -0.965238439263884 0.0358888668906482 850
"1968" 40 58 879 NA NA 850
"1969" 40 59 927 -0.678275017525986 0.581951566737253 950
"1970" 40 60 939 NA NA 950
"1971" 40 61 999 NA NA 950
"1972" 40 62 1043 0.982260261342039 -0.99984119400629 1050
"1973" 40 63 1119 NA NA 1150
"1974" 40 64 1159 0.410177446327788 -0.350777323843157 1150
"1975" 40 65 1179 NA NA 1150
"1976" 40 66 1239 NA NA 1250
"1977" 40 67 1275 -0.0499354625919715 -0.94647538223658 1250
"1978" 40 68 1359 NA NA 1350
"1979" 40 69 1391 0.100886810829992 0.0749418695102809 1350
"1980" 40 70 1419 NA NA 1450
"1981" 41 42 77 NA NA 50
"1982" 41 43 120 0.967683641466975 0.938550339195716 150
"1983" 41 44 180 NA NA 150
"1984" 41 45 192 NA NA 150
"1985" 41 46 240 0.779892803932715 0.953284255316603 250
"1986" 41 47 308 NA NA 350
"1987" 41 48 360 0.489837134518203 0.816687914133041 350
"1988" 41 49 420 0.0602694409280696 0.738271982795078 450
"1989" 41 50 424 NA NA 450
"1990" 41 51 480 0.455576953250095 -0.25829154521245 450
"1991" 41 52 540 NA NA 550
"1992" 41 53 600 -0.425254834277107 -0.061507998206506 650
"1993" 41 54 656 NA NA 650
"1994" 41 55 660 0.708877467777904 0.994525473221607 650
"1995" 41 56 720 0.266100917991281 -0.652164759983739 750
"1996" 41 57 772 NA NA 750
"1997" 41 58 840 0.399416469775895 0.412881079876492 850
"1998" 41 59 888 NA NA 850
"1999" 41 60 900 0.889975269539946 -0.403908745021453 950
"2000" 41 61 960 0.360949160158452 -0.421099356894604 950
"2001" 41 62 1004 NA NA 1050
"2002" 41 63 1080 0.0681772529916439 -0.355508472073732 1050
"2003" 41 64 1120 NA NA 1150
"2004" 41 65 1140 1 1 1150
"2005" 41 66 1200 0.0702385396119667 0.133975744915826 1250
"2006" 41 67 1236 NA NA 1250
"2007" 41 68 1320 0.488342047777136 0.369722126143295 1350
"2008" 41 69 1352 NA NA 1350
"2009" 41 70 1380 1 -1 1350
"2010" 42 43 43 NA NA 50
"2011" 42 44 103 NA NA 150
"2012" 42 45 115 0.969042397696107 0.996531315168323 150
"2013" 42 46 163 NA NA 150
"2014" 42 47 231 0.620927040805477 0.855349310408486 250
"2015" 42 48 283 NA NA 250
"2016" 42 49 343 NA NA 350
"2017" 42 50 347 0.678767086680178 0.871354125354737 350
"2018" 42 51 403 NA NA 450
"2019" 42 52 463 1 1 450
"2020" 42 53 523 NA NA 550
"2021" 42 54 579 -0.910790969639593 0.871195951715837 550
"2022" 42 55 583 NA NA 550
"2023" 42 56 643 NA NA 650
"2024" 42 57 695 -0.988689893077137 -0.0713865135190363 650
"2025" 42 58 763 NA NA 750
"2026" 42 59 811 -0.576622787184902 0.856611816311359 850
"2027" 42 60 823 NA NA 850
"2028" 42 61 883 NA NA 850
"2029" 42 62 927 0.889980338423122 -0.337080474472991 950
"2030" 42 63 1003 NA NA 1050
"2031" 42 64 1043 0.576817180721236 0.0586081411020186 1050
"2032" 42 65 1063 NA NA 1050
"2033" 42 66 1123 NA NA 1150
"2034" 42 67 1159 0.232744272704291 -0.0329690710333042 1150
"2035" 42 68 1243 NA NA 1250
"2036" 42 69 1275 0.391678318939104 -0.286947187680535 1250
"2037" 42 70 1303 NA NA 1350
"2038" 43 44 60 -1 1 50
"2039" 43 45 72 NA NA 50
"2040" 43 46 120 0.729249090847029 0.792494623780543 150
"2041" 43 47 188 NA NA 150
"2042" 43 48 240 0.633260261264116 0.425266869011385 250
"2043" 43 49 300 0.197339398223419 0.855899475393174 350
"2044" 43 50 304 NA NA 350
"2045" 43 51 360 0.474542707451818 -0.21872249190261 350
"2046" 43 52 420 NA NA 450
"2047" 43 53 480 -0.110174285117452 0.259824589036368 450
"2048" 43 54 536 NA NA 550
"2049" 43 55 540 0.669026826611059 0.998533339304261 550
"2050" 43 56 600 0.452009651505709 -0.488073596578945 650
"2051" 43 57 652 NA NA 650
"2052" 43 58 720 0.130653007747223 0.0399632654994597 750
"2053" 43 59 768 NA NA 750
"2054" 43 60 780 0.912365769241814 -0.0783453507272825 750
"2055" 43 61 840 0.102925722043505 -0.19360336452154 850
"2056" 43 62 884 NA NA 850
"2057" 43 63 960 0.00218922203819153 -0.336292992836999 950
"2058" 43 64 1000 NA NA 1050
"2059" 43 65 1020 0.503227380167837 0.992123640679102 1050
"2060" 43 66 1080 -0.073331878388046 0.0690161840160463 1050
"2061" 43 67 1116 NA NA 1150
"2062" 43 68 1200 0.491005571044901 0.428323241197938 1250
"2063" 43 69 1232 NA NA 1250
"2064" 43 70 1260 -0.339396862129453 -0.280227441503634 1250
"2065" 44 45 12 NA NA 50
"2066" 44 46 60 NA NA 50
"2067" 44 47 128 NA NA 150
"2068" 44 48 180 1 1 150
"2069" 44 49 240 NA NA 250
"2070" 44 50 244 NA NA 250
"2071" 44 51 300 0.995765784986599 0.967241398562404 350
"2072" 44 52 360 NA NA 350
"2073" 44 53 420 0.963168704025056 0.157436054604799 450
"2074" 44 54 476 NA NA 450
"2075" 44 55 480 NA NA 450
"2076" 44 56 540 1 -1 550
"2077" 44 57 592 NA NA 550
"2078" 44 58 660 1 -1 650
"2079" 44 59 708 NA NA 750
"2080" 44 60 720 NA NA 750
"2081" 44 61 780 0.985217127716865 -0.377771225028216 750
"2082" 44 62 824 NA NA 850
"2083" 44 63 900 1 -1 950
"2084" 44 64 940 NA NA 950
"2085" 44 65 960 NA NA 950
"2086" 44 66 1020 1 -1 1050
"2087" 44 67 1056 NA NA 1050
"2088" 44 68 1140 1 -1 1150
"2089" 44 69 1172 NA NA 1150
"2090" 44 70 1200 NA NA 1250
"2091" 45 46 48 NA NA 50
"2092" 45 47 116 0.790309690574124 0.86755394209094 150
"2093" 45 48 168 NA NA 150
"2094" 45 49 228 NA NA 250
"2095" 45 50 232 0.598809350682531 0.885425271103869 250
"2096" 45 51 288 NA NA 250
"2097" 45 52 348 1 1 350
"2098" 45 53 408 NA NA 450
"2099" 45 54 464 -0.97581315338341 0.862026903409724 450
"2100" 45 55 468 NA NA 450
"2101" 45 56 528 NA NA 550
"2102" 45 57 580 -0.997278489654369 -0.154718666776489 550
"2103" 45 58 648 NA NA 650
"2104" 45 59 696 -0.75611003645771 0.839986443582478 650
"2105" 45 60 708 NA NA 750
"2106" 45 61 768 NA NA 750
"2107" 45 62 812 0.881317441575345 -0.294178389236755 850
"2108" 45 63 888 NA NA 850
"2109" 45 64 928 0.364754934015243 0.0469437925904748 950
"2110" 45 65 948 NA NA 950
"2111" 45 66 1008 NA NA 1050
"2112" 45 67 1044 0.250849259338794 0.0122430521467381 1050
"2113" 45 68 1128 NA NA 1150
"2114" 45 69 1160 0.300492081092963 -0.245887307807033 1150
"2115" 45 70 1188 NA NA 1150
"2116" 46 47 68 NA NA 50
"2117" 46 48 120 0.108320528867067 0.724345710281155 150
"2118" 46 49 180 0.822829741595784 0.928528728112183 150
"2119" 46 50 184 NA NA 150
"2120" 46 51 240 0.664143215869301 -0.274725676305385 250
"2121" 46 52 300 NA NA 350
"2122" 46 53 360 0.160130004899714 0.356830215536212 350
"2123" 46 54 416 NA NA 450
"2124" 46 55 420 0.838392651773049 0.987776115548663 450
"2125" 46 56 480 0.814731791743658 -0.421373250056262 450
"2126" 46 57 532 NA NA 550
"2127" 46 58 600 0.418803068772967 0.555822762121903 650
"2128" 46 59 648 NA NA 650
"2129" 46 60 660 0.989028077149233 -0.214871735378969 650
"2130" 46 61 720 0.701535802727101 -0.193726680741553 750
"2131" 46 62 764 NA NA 750
"2132" 46 63 840 0.490666919491715 -0.115173595279726 850
"2133" 46 64 880 NA NA 850
"2134" 46 65 900 1 1 950
"2135" 46 66 960 0.540195669375416 0.244269501706249 950
"2136" 46 67 996 NA NA 950
"2137" 46 68 1080 0.791218887223409 0.561071841013397 1050
"2138" 46 69 1112 NA NA 1150
"2139" 46 70 1140 1 1 1150
"2140" 47 48 52 NA NA 50
"2141" 47 49 112 NA NA 150
"2142" 47 50 116 0.361143160744232 0.998832051735383 150
"2143" 47 51 172 NA NA 150
"2144" 47 52 232 1 1 250
"2145" 47 53 292 NA NA 250
"2146" 47 54 348 -0.824597735784057 0.967060965474865 350
"2147" 47 55 352 NA NA 350
"2148" 47 56 412 NA NA 450
"2149" 47 57 464 -0.826376149017525 0.267876214749722 450
"2150" 47 58 532 NA NA 550
"2151" 47 59 580 -0.998371993567353 0.465580809431096 550
"2152" 47 60 592 NA NA 550
"2153" 47 61 652 NA NA 650
"2154" 47 62 696 0.972434546139384 -0.957775550585332 650
"2155" 47 63 772 NA NA 750
"2156" 47 64 812 -0.281453016691227 -0.454428405120488 850
"2157" 47 65 832 NA NA 850
"2158" 47 66 892 NA NA 850
"2159" 47 67 928 -0.00325331771263738 -0.823937061947627 950
"2160" 47 68 1012 NA NA 1050
"2161" 47 69 1044 -0.153022952422879 0.243925182712878 1050
"2162" 47 70 1072 NA NA 1050
"2163" 48 49 60 NA NA 50
"2164" 48 50 64 NA NA 50
"2165" 48 51 120 0.886803099269758 0.927376375492784 150
"2166" 48 52 180 NA NA 150
"2167" 48 53 240 0.590229127751407 0.830010836602921 250
"2168" 48 54 296 NA NA 250
"2169" 48 55 300 1 1 350
"2170" 48 56 360 0.887758832646457 0.337751439743231 350
"2171" 48 57 412 NA NA 450
"2172" 48 58 480 0.755553137606311 0.17497846961415 450
"2173" 48 59 528 NA NA 550
"2174" 48 60 540 0.978186916045766 -0.527336845575876 550
"2175" 48 61 600 0.106276293283228 -0.106435306372831 650
"2176" 48 62 644 NA NA 650
"2177" 48 63 720 0.806120789095277 -0.31484548264923 750
"2178" 48 64 760 NA NA 750
"2179" 48 65 780 0.541253149903403 0.527175627482467 750
"2180" 48 66 840 0.0936747477219152 -0.0954057335919287 850
"2181" 48 67 876 NA NA 850
"2182" 48 68 960 0.508697203661559 0.513242068033697 950
"2183" 48 69 992 NA NA 950
"2184" 48 70 1020 -0.960768363799965 -0.362909766972444 1050
"2185" 49 50 4 NA NA 50
"2186" 49 51 60 NA NA 50
"2187" 49 52 120 NA NA 150
"2188" 49 53 180 NA NA 150
"2189" 49 54 236 NA NA 250
"2190" 49 55 240 -1 1 250
"2191" 49 56 300 1 1 350
"2192" 49 57 352 NA NA 350
"2193" 49 58 420 1 1 450
"2194" 49 59 468 NA NA 450
"2195" 49 60 480 NA NA 450
"2196" 49 61 540 1 1 550
"2197" 49 62 584 NA NA 550
"2198" 49 63 660 1 1 650
"2199" 49 64 700 NA NA 750
"2200" 49 65 720 NA NA 750
"2201" 49 66 780 1 1 750
"2202" 49 67 816 NA NA 850
"2203" 49 68 900 0.918200379264018 0.971362454050163 950
"2204" 49 69 932 NA NA 950
"2205" 49 70 960 NA NA 950
"2206" 50 51 56 NA NA 50
"2207" 50 52 116 1 1 150
"2208" 50 53 176 NA NA 150
"2209" 50 54 232 -0.412062933458959 0.960212888881424 250
"2210" 50 55 236 NA NA 250
"2211" 50 56 296 NA NA 250
"2212" 50 57 348 -0.22013475965968 -0.161381942990526 350
"2213" 50 58 416 NA NA 450
"2214" 50 59 464 -0.318125663285396 0.494737278104105 450
"2215" 50 60 476 NA NA 450
"2216" 50 61 536 NA NA 550
"2217" 50 62 580 0.949462273320935 -0.933751921903559 550
"2218" 50 63 656 NA NA 650
"2219" 50 64 696 0.426295941789621 -0.417791055559881 650
"2220" 50 65 716 NA NA 750
"2221" 50 66 776 NA NA 750
"2222" 50 67 812 -0.529383585119558 -0.779531133725177 850
"2223" 50 68 896 NA NA 850
"2224" 50 69 928 -0.256719642095034 0.217885413789869 950
"2225" 50 70 956 NA NA 950
"2226" 51 52 60 NA NA 50
"2227" 51 53 120 0.854806491479058 0.907716161870871 150
"2228" 51 54 176 NA NA 150
"2229" 51 55 180 NA NA 150
"2230" 51 56 240 0.977514251506147 0.684795055190971 250
"2231" 51 57 292 NA NA 250
"2232" 51 58 360 0.708648676535578 -0.111333794594416 350
"2233" 51 59 408 NA NA 450
"2234" 51 60 420 -1 -1 450
"2235" 51 61 480 0.80565520938407 -0.118422170567884 450
"2236" 51 62 524 NA NA 550
"2237" 51 63 600 0.790629945549431 -0.156158925739325 650
"2238" 51 64 640 NA NA 650
"2239" 51 65 660 -1 -1 650
"2240" 51 66 720 0.962206277079026 0.180220937879428 750
"2241" 51 67 756 NA NA 750
"2242" 51 68 840 0.872102460988462 -0.0936413978083163 850
"2243" 51 69 872 NA NA 850
"2244" 51 70 900 1 -1 950
"2245" 52 53 60 NA NA 50
"2246" 52 54 116 -1 1 150
"2247" 52 55 120 NA NA 150
"2248" 52 56 180 NA NA 150
"2249" 52 57 232 NA NA 250
"2250" 52 58 300 NA NA 350
"2251" 52 59 348 -1 -1 350
"2252" 52 60 360 NA NA 350
"2253" 52 61 420 NA NA 450
"2254" 52 62 464 1 -1 450
"2255" 52 63 540 NA NA 550
"2256" 52 64 580 1 -1 550
"2257" 52 65 600 NA NA 650
"2258" 52 66 660 NA NA 650
"2259" 52 67 696 1 -1 650
"2260" 52 68 780 NA NA 750
"2261" 52 69 812 1 1 850
"2262" 52 70 840 NA NA 850
"2263" 53 54 56 NA NA 50
"2264" 53 55 60 NA NA 50
"2265" 53 56 120 0.915540044857919 0.914275197552926 150
"2266" 53 57 172 NA NA 150
"2267" 53 58 240 0.766937643428108 0.74552011376789 250
"2268" 53 59 288 NA NA 250
"2269" 53 60 300 NA NA 350
"2270" 53 61 360 0.798413546633077 0.689199163327016 350
"2271" 53 62 404 NA NA 450
"2272" 53 63 480 0.969103008244066 0.639230395654194 450
"2273" 53 64 520 NA NA 550
"2274" 53 65 540 NA NA 550
"2275" 53 66 600 0.778871564045889 0.248763304739444 650
"2276" 53 67 636 NA NA 650
"2277" 53 68 720 0.609127402419862 0.289396021358507 750
"2278" 53 69 752 NA NA 750
"2279" 53 70 780 -1 -1 750
"2280" 54 55 4 NA NA 50
"2281" 54 56 64 NA NA 50
"2282" 54 57 116 0.999349248270903 0.124375755891773 150
"2283" 54 58 184 NA NA 150
"2284" 54 59 232 0.798683388142512 0.520975372652347 250
"2285" 54 60 244 NA NA 250
"2286" 54 61 304 NA NA 350
"2287" 54 62 348 -0.766688984821394 -0.986761319077766 350
"2288" 54 63 424 NA NA 450
"2289" 54 64 464 -0.265181387345799 -0.418646890444603 450
"2290" 54 65 484 NA NA 450
"2291" 54 66 544 NA NA 550
"2292" 54 67 580 -0.442632756446338 -0.989076762956669 550
"2293" 54 68 664 NA NA 650
"2294" 54 69 696 -0.379929184432778 0.116403694833516 650
"2295" 54 70 724 NA NA 750
"2296" 55 56 60 NA NA 50
"2297" 55 57 112 NA NA 150
"2298" 55 58 180 NA NA 150
"2299" 55 59 228 NA NA 250
"2300" 55 60 240 1 1 250
"2301" 55 61 300 1 1 350
"2302" 55 62 344 NA NA 350
"2303" 55 63 420 1 -1 450
"2304" 55 64 460 NA NA 450
"2305" 55 65 480 1 1 450
"2306" 55 66 540 NA NA 550
"2307" 55 67 576 NA NA 550
"2308" 55 68 660 0.799059936517917 0.690099481146507 650
"2309" 55 69 692 NA NA 650
"2310" 55 70 720 NA NA 750
"2311" 56 57 52 NA NA 50
"2312" 56 58 120 0.952048422385192 0.79081666058306 150
"2313" 56 59 168 NA NA 150
"2314" 56 60 180 NA NA 150
"2315" 56 61 240 0.932981138702731 0.866071274591701 250
"2316" 56 62 284 NA NA 250
"2317" 56 63 360 0.918801553564162 0.78490334149661 350
"2318" 56 64 400 NA NA 450
"2319" 56 65 420 NA NA 450
"2320" 56 66 480 0.871062917667782 0.730494413015403 450
"2321" 56 67 516 NA NA 550
"2322" 56 68 600 0.876836023513848 0.773545967550195 650
"2323" 56 69 632 NA NA 650
"2324" 56 70 660 NA NA 650
"2325" 57 58 68 NA NA 50
"2326" 57 59 116 0.797396806243602 -0.0150093368461823 150
"2327" 57 60 128 NA NA 150
"2328" 57 61 188 NA NA 150
"2329" 57 62 232 -1 1 250
"2330" 57 63 308 NA NA 350
"2331" 57 64 348 -0.0779820904489392 -0.363378228182571 350
"2332" 57 65 368 NA NA 350
"2333" 57 66 428 NA NA 450
"2334" 57 67 464 -1 -1 450
"2335" 57 68 548 NA NA 550
"2336" 57 69 580 -0.456837647944628 -0.996250653777057 550
"2337" 57 70 608 NA NA 650
"2338" 58 59 48 NA NA 50
"2339" 58 60 60 NA NA 50
"2340" 58 61 120 0.981372605542574 0.899224831040264 150
"2341" 58 62 164 NA NA 150
"2342" 58 63 240 0.910331909435062 0.815233712159602 250
"2343" 58 64 280 NA NA 250
"2344" 58 65 300 NA NA 350
"2345" 58 66 360 0.788381202038123 0.909971311554394 350
"2346" 58 67 396 NA NA 350
"2347" 58 68 480 0.771391618654922 0.819325782352765 450
"2348" 58 69 512 NA NA 550
"2349" 58 70 540 0.846567766330299 0.833001154065455 550
"2350" 59 60 12 NA NA 50
"2351" 59 61 72 NA NA 50
"2352" 59 62 116 -0.973836323951598 0.993517100218825 150
"2353" 59 63 192 NA NA 150
"2354" 59 64 232 0.333403546065632 0.556469372850313 250
"2355" 59 65 252 NA NA 250
"2356" 59 66 312 NA NA 350
"2357" 59 67 348 0.0093422083861036 0.980675777944467 350
"2358" 59 68 432 NA NA 450
"2359" 59 69 464 0.176112752227627 -0.729921124317714 450
"2360" 59 70 492 NA NA 450
"2361" 60 61 60 1 1 50
"2362" 60 62 104 NA NA 150
"2363" 60 63 180 -0.930266041473834 0.991796630807718 150
"2364" 60 64 220 NA NA 250
"2365" 60 65 240 1 1 250
"2366" 60 66 300 NA NA 350
"2367" 60 67 336 NA NA 350
"2368" 60 68 420 0.939652215556821 0.253048741829439 450
"2369" 60 69 452 NA NA 450
"2370" 60 70 480 NA NA 450
"2371" 61 62 44 NA NA 50
"2372" 61 63 120 0.953963051485394 0.938231190980605 150
"2373" 61 64 160 NA NA 150
"2374" 61 65 180 -1 1 150
"2375" 61 66 240 0.887317333950658 0.875426266375525 250
"2376" 61 67 276 NA NA 250
"2377" 61 68 360 0.799759337782114 0.615750698476526 350
"2378" 61 69 392 NA NA 350
"2379" 61 70 420 0.675464833288001 -0.213136803551691 450
"2380" 62 63 76 NA NA 50
"2381" 62 64 116 0.758800414528707 0.994800157194439 150
"2382" 62 65 136 NA NA 150
"2383" 62 66 196 NA NA 150
"2384" 62 67 232 -0.236338418488888 0.952077255969504 250
"2385" 62 68 316 NA NA 350
"2386" 62 69 348 0.0121628745970222 -0.966239949936338 350
"2387" 62 70 376 NA NA 350
"2388" 63 64 40 NA NA 50
"2389" 63 65 60 NA NA 50
"2390" 63 66 120 0.983943997965143 0.94989193754883 150
"2391" 63 67 156 NA NA 150
"2392" 63 68 240 0.860588143388027 0.857846164581024 250
"2393" 63 69 272 NA NA 250
"2394" 63 70 300 1 1 350
"2395" 64 65 20 NA NA 50
"2396" 64 66 80 NA NA 50
"2397" 64 67 116 0.453538062648388 0.978277040912735 150
"2398" 64 68 200 NA NA 250
"2399" 64 69 232 0.667879083002861 -0.901971321215488 250
"2400" 64 70 260 NA NA 250
"2401" 65 66 60 NA NA 50
"2402" 65 67 96 NA NA 50
"2403" 65 68 180 1 1 150
"2404" 65 69 212 NA NA 250
"2405" 65 70 240 NA NA 250
"2406" 66 67 36 NA NA 50
"2407" 66 68 120 0.870829992823627 0.861738387884453 150
"2408" 66 69 152 NA NA 150
"2409" 66 70 180 1 -1 150
"2410" 67 68 84 NA NA 50
"2411" 67 69 116 0.968724374791874 -0.841132735690877 150
"2412" 67 70 144 NA NA 150
"2413" 68 69 32 NA NA 50
"2414" 68 70 60 1 1 50
"2415" 69 70 28 NA NA 50
