"i" "j" "hgt" "rsp" "rdir" "hgto"
"1" 1 2 60 0.196686238109605 0.99129063763952 50
"2" 1 3 120 -1 1 150
"3" 1 4 180 -1 1 150
"4" 1 5 240 0.973471845499491 -0.891953178619318 250
"5" 1 6 300 0.240771984791467 0.39902496744449 250
"6" 1 7 360 0.35550113078196 0.0524885396486014 350
"7" 1 8 420 -1 -1 450
"8" 1 9 480 0.563621480190681 -0.94209537786218 450
"9" 1 10 540 0.941218896546689 -0.999900033075437 550
"10" 1 11 600 -0.985027860027518 -0.897435938696263 550
"11" 1 12 660 1 -1 650
"12" 1 13 720 1 -1 750
"13" 1 14 780 0.987771095419603 0.620005682222861 750
"14" 1 15 840 -1 1 850
"15" 1 16 900 -1 1 850
"16" 1 17 960 -1 1 950
"17" 1 18 1020 -1 1 1050
"18" 1 19 1080 -1 1 1050
"19" 1 20 1140 -1 1 1150
"20" 1 21 1200 -1 1 1150
"21" 1 22 1260 1 1 1250
"22" 1 23 1320 -1 1 1350
"23" 1 24 1440 1 -1 1450
"24" 1 25 1560 1 -1 1550
"25" 1 26 1680 1 1 1650
"26" 1 27 1800 -0.685191148165448 0.804609942198078 1750
"27" 1 28 1920 -1 1 1950
"28" 1 29 2040 1 1 2050
"29" 1 30 2160 1 1 2150
"30" 1 31 2280 1 1 2250
"31" 1 32 2400 1 -1 2450
"32" 1 33 2520 -1 -1 2550
"33" 1 34 2640 1 1 2650
"34" 1 35 2760 NA NA 2750
"35" 1 36 2880 NA NA 2850
"36" 1 37 3000 NA NA 3050
"37" 1 38 3120 NA NA 3150
"38" 1 39 3240 NA NA 3250
"39" 1 40 3360 NA NA 3350
"40" 1 41 3480 NA NA 3450
"41" 1 42 3600 NA NA 3650
"42" 1 43 3720 NA NA 3750
"43" 1 44 3840 NA NA 3850
"44" 1 45 3960 NA NA 3950
"45" 1 46 4080 NA NA 4050
"46" 1 47 4200 NA NA 4250
"47" 1 48 4320 NA NA 4350
"48" 1 49 4440 NA NA 4450
"49" 1 50 4560 1 1 4550
"50" 1 51 4680 1 1 4650
"51" 1 52 4800 1 1 4850
"52" 1 53 4920 NA NA 4950
"53" 1 54 5040 NA NA 5050
"54" 1 55 5160 NA NA 5150
"55" 1 56 5280 NA NA 5250
"56" 1 57 5400 NA NA 5450
"57" 1 58 5520 NA NA 5550
"58" 1 59 5640 NA NA 5650
"59" 2 3 60 0.961173262472688 0.565298546810528 50
"60" 2 4 120 0.785065925358408 0.0969421184366889 150
"61" 2 5 180 0.660104298846863 0.391307459331715 150
"62" 2 6 240 0.28880950355013 0.145084212962952 250
"63" 2 7 300 0.517343239958458 0.284134078950553 250
"64" 2 8 360 0.582058016739545 0.113008948730975 350
"65" 2 9 420 0.153792263879057 0.115315367820067 450
"66" 2 10 480 0.137139178052983 0.320971880375562 450
"67" 2 11 540 0.0711185547733495 0.176195647554694 550
"68" 2 12 600 0.121319283332478 0.389717929789157 550
"69" 2 13 660 0.0950669954990007 0.45332768013979 650
"70" 2 14 720 0.159998401349817 0.328458676529669 750
"71" 2 15 780 -0.137641696340317 -0.0774423640850641 750
"72" 2 16 840 -0.183959570612233 -0.041258885766582 850
"73" 2 17 900 -0.275601750632217 0.0276677257177462 850
"74" 2 18 960 -0.0591305247807983 0.288346369465226 950
"75" 2 19 1020 -0.158322240158989 0.28210710858966 1050
"76" 2 20 1080 0.0472919539888495 0.499132528394656 1050
"77" 2 21 1140 -0.0510991700314617 0.350082537748655 1150
"78" 2 22 1200 -0.0485018704900289 0.258129496844516 1150
"79" 2 23 1260 -0.0230133114922537 -0.0997328329167732 1250
"80" 2 24 1380 -0.14138461831237 -0.35316407591163 1350
"81" 2 25 1500 -0.213136607565787 -0.264605472946454 1450
"82" 2 26 1620 -0.0297869840303073 -0.0999857150206319 1650
"83" 2 27 1740 -0.0957969180826348 -0.0677613472716585 1750
"84" 2 28 1860 0.0674062311936581 0.138658096634309 1850
"85" 2 29 1980 0.0201509635235616 -0.0126663507700397 1950
"86" 2 30 2100 -0.0320170445224004 -0.355501637669655 2150
"87" 2 31 2220 -0.0739287199081622 0.0191481995361669 2250
"88" 2 32 2340 0.00769346073310062 -0.28005886439272 2350
"89" 2 33 2460 -0.0407377464263456 0.0511817747417735 2450
"90" 2 34 2580 0.0977725838214703 -0.042416437118216 2550
"91" 2 35 2700 0.242858814039072 -0.166180027779434 2750
"92" 2 36 2820 0.160691189350641 -0.01147380514003 2850
"93" 2 37 2940 -0.0193580914710962 -0.0670184046879166 2950
"94" 2 38 3060 -0.169943916948113 -0.0679639913015056 3050
"95" 2 39 3180 -0.337313367502977 0.34329096438998 3150
"96" 2 40 3300 -0.346312787384216 -0.0831011768930143 3350
"97" 2 41 3420 -0.268729403790038 -0.090299336337128 3450
"98" 2 42 3540 -0.350558297695772 -0.0889616846279917 3550
"99" 2 43 3660 -0.399967343229196 -0.0875260842256544 3650
"100" 2 44 3780 -0.241519043674971 -0.124289447286491 3750
"101" 2 45 3900 -0.407318096871411 0.2313596799329 3950
"102" 2 46 4020 -0.43892315298384 0.100046262518916 4050
"103" 2 47 4140 -0.467994521418048 0.327589291475986 4150
"104" 2 48 4260 -0.278850695485756 0.479777983658894 4250
"105" 2 49 4380 -0.138023571452606 0.394711579233963 4350
"106" 2 50 4500 -0.0650444503372245 0.384291424245828 4550
"107" 2 51 4620 -0.291242342929756 0.236509303566817 4650
"108" 2 52 4740 -0.270870925455333 0.397112508904163 4750
"109" 2 53 4860 -0.13276781608499 0.489008164400648 4850
"110" 2 54 4980 -0.0292414019503158 0.271952147674792 4950
"111" 2 55 5100 0.118993494724402 0.0945360835667101 5150
"112" 2 56 5220 0.0795818187731384 -0.533030583758637 5250
"113" 2 57 5340 0.0484123680915676 -0.57678664050451 5350
"114" 2 58 5460 0.018528998323854 -0.583535305413864 5450
"115" 2 59 5580 0.617883836364643 -0.704824993041567 5550
"116" 3 4 60 0.889980336790756 0.81056032842163 50
"117" 3 5 120 0.80806178278704 0.594528572155744 150
"118" 3 6 180 0.783748934214194 0.407514545006894 150
"119" 3 7 240 0.740312592806973 0.253862646766236 250
"120" 3 8 300 0.699132805226721 0.266943117781291 250
"121" 3 9 360 0.556166160960231 0.251642883792842 350
"122" 3 10 420 0.403516059703346 0.1897242865089 450
"123" 3 11 480 0.329953111376645 0.253772863099645 450
"124" 3 12 540 0.367361833681901 0.398871418546079 550
"125" 3 13 600 0.283994166418778 0.162579883676719 550
"126" 3 14 660 0.154905016577355 0.0889351672269894 650
"127" 3 15 720 -0.0682039081362757 0.00504422561789789 750
"128" 3 16 780 -0.00730434402655127 0.00055876090771335 750
"129" 3 17 840 -0.0183395660552392 -0.0219902025958821 850
"130" 3 18 900 -0.01142616262327 -0.0174542506564396 850
"131" 3 19 960 -0.133069363020802 -0.106691350763491 950
"132" 3 20 1020 0.149940809334877 0.151415672039733 1050
"133" 3 21 1080 -0.0533514753063244 -0.00716688654821129 1050
"134" 3 22 1140 0.0332866779264731 -0.136765407807144 1150
"135" 3 23 1200 0.0858369170527005 -0.0590067320472203 1150
"136" 3 24 1320 -0.0243807926975245 -0.198053409969662 1350
"137" 3 25 1440 -0.0412837872622217 -0.241930771472476 1450
"138" 3 26 1560 0.129041644779395 -0.242605792942019 1550
"139" 3 27 1680 0.177946343091266 -0.207391706532722 1650
"140" 3 28 1800 0.246447175245529 -0.251074357304689 1750
"141" 3 29 1920 0.136055751570475 -0.18624002233663 1950
"142" 3 30 2040 0.11501548978109 -0.405621625445579 2050
"143" 3 31 2160 0.12133949821341 -0.382002698010167 2150
"144" 3 32 2280 0.2336742149389 -0.351821304851284 2250
"145" 3 33 2400 0.188339141323828 -0.354058203959259 2450
"146" 3 34 2520 0.325073092335915 0.202403073230743 2550
"147" 3 35 2640 0.104151987898552 0.340789838373645 2650
"148" 3 36 2760 0.207182061668061 0.525498709218895 2750
"149" 3 37 2880 0.00732073930246734 0.566560934916016 2850
"150" 3 38 3000 -0.294900949332757 0.417776690224174 3050
"151" 3 39 3120 -0.33409730884097 0.270601286489908 3150
"152" 3 40 3240 -0.263635081496555 0.354656125201288 3250
"153" 3 41 3360 -0.287987314544861 0.0956587189318341 3350
"154" 3 42 3480 -0.353915573255341 0.127057043531171 3450
"155" 3 43 3600 -0.272610249634948 0.0869424729228299 3650
"156" 3 44 3720 -0.402738811776011 0.0353659904954702 3750
"157" 3 45 3840 -0.5341766186321 0.09903882760654 3850
"158" 3 46 3960 -0.600471116397412 0.143470842336699 3950
"159" 3 47 4080 -0.541003251418039 0.226616026770835 4050
"160" 3 48 4200 -0.515046241019092 0.583964742717329 4250
"161" 3 49 4320 -0.391613306863113 0.690419184196234 4350
"162" 3 50 4440 -0.276393922776732 0.732487688607907 4450
"163" 3 51 4560 -0.0513389741398821 0.464835907906301 4550
"164" 3 52 4680 -0.154678174671421 0.552062349691804 4650
"165" 3 53 4800 -0.218623276525393 0.271698651833474 4850
"166" 3 54 4920 -0.141138054968356 0.457654224042921 4950
"167" 3 55 5040 -0.0685512300403098 0.112434950750825 5050
"168" 3 56 5160 -0.14524845549478 -0.121652294077212 5150
"169" 3 57 5280 0.061999955869294 -0.196002453525756 5250
"170" 3 58 5400 0.0208491709730232 -0.298727856093792 5450
"171" 3 59 5520 0.660819119930477 -0.73723799892636 5550
"172" 4 5 60 0.937900567019233 0.847013047597537 50
"173" 4 6 120 0.953479387483584 0.818377322543758 150
"174" 4 7 180 0.905322393395679 0.592126562120102 150
"175" 4 8 240 0.788108989433071 0.577941365271909 250
"176" 4 9 300 0.693973159500074 0.513958836343979 250
"177" 4 10 360 0.457425389015429 0.409001432642343 350
"178" 4 11 420 0.487377561042148 0.532599887461154 450
"179" 4 12 480 0.204994865719884 0.353635439646383 450
"180" 4 13 540 0.276900500591598 0.102901662966079 550
"181" 4 14 600 0.102058120292558 0.054874941460909 550
"182" 4 15 660 0.0383371123198806 -0.180065772145001 650
"183" 4 16 720 0.0469987366665407 0.0596775469003937 750
"184" 4 17 780 0.0716685519963759 -0.1452741897949 750
"185" 4 18 840 0.0286547047908576 -0.332561609174071 850
"186" 4 19 900 -0.0537273449363616 -0.251728712648803 850
"187" 4 20 960 -0.0604187034216539 -0.44132864699951 950
"188" 4 21 1020 -0.232886562634318 -0.114117490282847 1050
"189" 4 22 1080 -0.132273692901977 -0.409641479004477 1050
"190" 4 23 1140 0.179034216360753 -0.061362346242001 1150
"191" 4 24 1260 0.0233612983456523 -0.374837888943157 1250
"192" 4 25 1380 0.0334617380149039 -0.287440900668015 1350
"193" 4 26 1500 0.120713658637073 -0.323605331667801 1450
"194" 4 27 1620 0.377953908036698 -0.486210927063041 1650
"195" 4 28 1740 0.515460663853975 -0.500055494576634 1750
"196" 4 29 1860 0.386984506563666 -0.299864052055275 1850
"197" 4 30 1980 0.458101669683268 -0.336821227563731 1950
"198" 4 31 2100 0.425268041089698 -0.36533026565823 2150
"199" 4 32 2220 0.461504028123211 -0.427785821171967 2250
"200" 4 33 2340 0.425730660553673 -0.500687816780716 2350
"201" 4 34 2460 0.464763248311527 -0.212287153723155 2450
"202" 4 35 2580 0.231148126499358 -0.219595624386099 2550
"203" 4 36 2700 0.0912450472153888 0.351997591846167 2750
"204" 4 37 2820 0.0414248655970207 0.367901817953343 2850
"205" 4 38 2940 0.190888360322495 0.112065495661182 2950
"206" 4 39 3060 0.00920740596533468 0.0434983190208484 3050
"207" 4 40 3180 -0.00632505267338325 0.0575158884138434 3150
"208" 4 41 3300 0.0546205561771259 -0.0597184552288889 3350
"209" 4 42 3420 0.0881379268974941 -0.215333059367781 3450
"210" 4 43 3540 -0.0309679607694556 -0.280456968399578 3550
"211" 4 44 3660 0.135494147369516 -0.280788790152932 3650
"212" 4 45 3780 -0.0368104683633149 -0.357928982354569 3750
"213" 4 46 3900 0.243539313463758 -0.200953238374831 3950
"214" 4 47 4020 0.237813015715635 -0.17488558462847 4050
"215" 4 48 4140 0.0523417123686649 0.0835159329785304 4150
"216" 4 49 4260 0.127941808295233 0.116237132828594 4250
"217" 4 50 4380 0.331934995578484 0.158985068071615 4350
"218" 4 51 4500 0.186583831494125 0.197589336039801 4550
"219" 4 52 4620 0.312610625564982 0.399088929232148 4650
"220" 4 53 4740 0.121521526940049 0.102608668716895 4750
"221" 4 54 4860 -0.00513889726852748 0.407061354712244 4850
"222" 4 55 4980 -0.0731925830727127 0.195281070348854 4950
"223" 4 56 5100 0.189480084479993 0.195575074672137 5150
"224" 4 57 5220 0.417148263797548 0.207715053569628 5250
"225" 4 58 5340 0.408773788333876 0.0250506654515503 5350
"226" 4 59 5460 0.513538893176301 -0.140707357577332 5450
"227" 5 6 59.9999999999998 0.98051441878843 0.896626505099293 50
"228" 5 7 120 0.955773774371812 0.831523255523473 150
"229" 5 8 180 0.880134122839135 0.790078053518024 150
"230" 5 9 240 0.830087942619054 0.70360491353087 250
"231" 5 10 300 0.700239581819895 0.70506690617379 250
"232" 5 11 360 0.533511876840764 0.659518730334505 350
"233" 5 12 420 0.629286182192381 0.511234972463022 450
"234" 5 13 480 0.615826530558255 0.399821106355677 450
"235" 5 14 540 0.518280906958445 0.32974324589763 550
"236" 5 15 600 0.430072275627407 0.0323701588360064 550
"237" 5 16 660 0.458067204180503 0.490540991906189 650
"238" 5 17 720 0.337969847389549 0.327530133498755 750
"239" 5 18 780 0.247924322496769 0.329999443872062 750
"240" 5 19 840 0.194846377822222 0.361739216462815 850
"241" 5 20 900 0.0833893605630502 0.280087832586904 850
"242" 5 21 960 -0.13539041754233 0.265768401529287 950
"243" 5 22 1020 -0.143520976570078 -0.0834753035407734 1050
"244" 5 23 1080 0.103434454685582 0.169760913811821 1050
"245" 5 24 1200 -0.105034433178689 -0.105059190895741 1150
"246" 5 25 1320 0.0431539764341285 -0.0598981366433393 1350
"247" 5 26 1440 0.122992647314406 -0.0583592130302634 1450
"248" 5 27 1560 0.0310739514209727 -0.201466784003733 1550
"249" 5 28 1680 0.191896727345766 -0.419356372341048 1650
"250" 5 29 1800 0.194577992740091 -0.246055676343685 1750
"251" 5 30 1920 0.234864619662378 -0.229430474247021 1950
"252" 5 31 2040 0.20115657335265 -0.22997781564903 2050
"253" 5 32 2160 0.186608894725465 -0.351068477822219 2150
"254" 5 33 2280 -0.0106955111618252 -0.353221700214662 2250
"255" 5 34 2400 0.171161640337948 -0.115770689073913 2450
"256" 5 35 2520 -0.1172088490559 0.0857149977440715 2550
"257" 5 36 2640 -0.00281681375059279 0.305854952842911 2650
"258" 5 37 2760 0.0463182253186626 0.364832207587358 2750
"259" 5 38 2880 0.0668355533932239 0.166788646507033 2850
"260" 5 39 3000 -0.145690644749904 0.0982982063131103 3050
"261" 5 40 3120 -0.129295132481339 0.232260558291137 3150
"262" 5 41 3240 -0.0825723709777327 0.166940259287337 3250
"263" 5 42 3360 -0.0278338948517539 0.138083739581693 3350
"264" 5 43 3480 -0.0585896061779595 0.00753649681018569 3450
"265" 5 44 3600 -0.0410101376095916 -0.188110009315895 3650
"266" 5 45 3720 -0.0379642659998001 -0.172879592844774 3750
"267" 5 46 3840 0.130426082849741 -0.260545518264331 3850
"268" 5 47 3960 -0.145356298988931 -0.32110546353959 3950
"269" 5 48 4080 -0.390978629240765 -0.189503510005457 4050
"270" 5 49 4200 -0.0184613238248993 -0.0865012578015659 4250
"271" 5 50 4320 -0.176525939680638 -0.0988681866907658 4350
"272" 5 51 4440 -0.0499400848898875 0.106875493739078 4450
"273" 5 52 4560 -0.0329312216417719 0.442979606683439 4550
"274" 5 53 4680 -0.226567555906016 0.418211465617909 4650
"275" 5 54 4800 -0.335939304531991 0.290632117994954 4850
"276" 5 55 4920 -0.165205287311771 0.519945354341825 4950
"277" 5 56 5040 0.23613956748927 0.662351627026897 5050
"278" 5 57 5160 0.260213105904608 0.434862619592313 5150
"279" 5 58 5280 0.284490206029942 0.277758341737126 5250
"280" 5 59 5400 0.598705855580196 0.0882398902809154 5450
"281" 6 7 60 0.979323341050361 0.928508046062803 50
"282" 6 8 120 0.90417928695724 0.860125782532267 150
"283" 6 9 180 0.86008494895496 0.782381518458111 150
"284" 6 10 240 0.77317092260962 0.644209227265101 250
"285" 6 11 300 0.769858212800042 0.641626047622635 350
"286" 6 12 360 0.743866549915993 0.464431550642957 350
"287" 6 13 420 0.659837260996178 0.290803359467276 450
"288" 6 14 480 0.507107028113245 0.153237001104943 450
"289" 6 15 540 0.551703932704369 -0.0170371970171006 550
"290" 6 16 600 0.476828031320741 0.443162861789652 650
"291" 6 17 660 0.420325899057599 0.195873574089965 650
"292" 6 18 720 0.372691947737733 0.412750553952879 750
"293" 6 19 780 0.293271001785865 0.135488307298351 750
"294" 6 20 840 0.298159464527017 0.357431376746039 850
"295" 6 21 900 0.113420647163182 0.111533009219578 950
"296" 6 22 960 0.0828234589033659 0.101562198635753 950
"297" 6 23 1020 0.266418606901251 0.1384491219752 1050
"298" 6 24 1140 0.0901085798142543 -0.244556073535091 1150
"299" 6 25 1260 0.167326970547492 -0.201687418473195 1250
"300" 6 26 1380 0.066768702741458 -0.190108783450743 1350
"301" 6 27 1500 0.00139342582465755 -0.402088309575613 1550
"302" 6 28 1620 -0.0792713884677531 -0.546278349944385 1650
"303" 6 29 1740 -0.120801805412364 -0.364359594745288 1750
"304" 6 30 1860 -0.138713276595903 -0.21698602141503 1850
"305" 6 31 1980 -0.19377415365717 -0.237623818916064 1950
"306" 6 32 2100 -0.0742332239321612 -0.355932752315221 2150
"307" 6 33 2220 -0.286476869777861 -0.258001131945325 2250
"308" 6 34 2340 -0.0501456704183866 -0.249818194045684 2350
"309" 6 35 2460 0.0870317139292837 -0.0424151567857135 2450
"310" 6 36 2580 -0.000845874840623718 0.151844731438461 2550
"311" 6 37 2700 0.038939588976193 0.0918852956725905 2750
"312" 6 38 2820 0.0598337269586114 -0.222849341713055 2850
"313" 6 39 2940 -0.0289678309335421 -0.354106885274465 2950
"314" 6 40 3060 -0.0152076774901725 -0.302057735090896 3050
"315" 6 41 3180 -0.041327271511584 -0.286210029569577 3150
"316" 6 42 3300 0.0625384280480717 -0.286596753579019 3350
"317" 6 43 3420 0.000802735541272521 -0.336906450933008 3450
"318" 6 44 3540 -0.025539012315125 -0.434721567997687 3550
"319" 6 45 3660 -0.0817082118292444 -0.193949071111554 3650
"320" 6 46 3780 0.127497448162407 -0.279096556828067 3750
"321" 6 47 3900 -0.0137673247195136 -0.313393070272991 3950
"322" 6 48 4020 -0.292052605968337 -0.0273293981927295 4050
"323" 6 49 4140 0.0473733093478855 -0.0772140567516904 4150
"324" 6 50 4260 0.0130680160860885 -0.356217273194771 4250
"325" 6 51 4380 0.246347912439382 -0.229754815866239 4350
"326" 6 52 4500 0.12541204332436 0.463242483651015 4550
"327" 6 53 4620 0.0628130788569269 0.468742081120571 4650
"328" 6 54 4740 0.0211089425345492 0.5552573716911 4750
"329" 6 55 4860 0.16776798596244 -0.222911397571847 4850
"330" 6 56 4980 0.260807186553094 -0.233680436156713 4950
"331" 6 57 5100 0.21513416235863 -0.278772161698309 5150
"332" 6 58 5220 0.241741207883282 -0.282686690086141 5250
"333" 6 59 5340 0.237334753077043 -0.313933381160542 5350
"334" 7 8 60 0.965012289142906 0.966836349129838 50
"335" 7 9 120 0.913803917295869 0.934750424789079 150
"336" 7 10 180 0.767944178310656 0.870908781470282 150
"337" 7 11 240 0.679531230689844 0.823309986792071 250
"338" 7 12 300 0.71764086819384 0.747989219207246 350
"339" 7 13 360 0.686322582981364 0.466106147446576 350
"340" 7 14 420 0.563693849479473 0.298223185425403 450
"341" 7 15 480 0.583938231538663 -0.0195573077988172 450
"342" 7 16 540 0.577183375629216 0.395590156408169 550
"343" 7 17 600 0.529882724790791 0.226706534272776 650
"344" 7 18 660 0.469686170958221 0.442229196755956 650
"345" 7 19 720 0.379874328105027 0.289281433380801 750
"346" 7 20 780 0.35254539153279 0.365122456991964 750
"347" 7 21 840 0.0977538045310791 0.114894894381108 850
"348" 7 22 900 0.122574094509415 -0.170372057008558 950
"349" 7 23 960 0.223429718024544 0.325631136242724 950
"350" 7 24 1080 0.0395624952575751 -0.114720533006524 1050
"351" 7 25 1200 0.0885946542656848 0.072160891686962 1250
"352" 7 26 1320 0.0319462077209091 0.144048827398703 1350
"353" 7 27 1440 -0.148543734215914 -0.167798699005959 1450
"354" 7 28 1560 -0.0831796580884558 -0.355703543605846 1550
"355" 7 29 1680 -0.161092551188769 -0.319669638402612 1650
"356" 7 30 1800 -0.184361724697648 -0.282298083850581 1850
"357" 7 31 1920 -0.309957626395789 -0.254556109732586 1950
"358" 7 32 2040 -0.232188758893351 -0.359660616066138 2050
"359" 7 33 2160 -0.380596605252785 -0.382225444950377 2150
"360" 7 34 2280 -0.174622842496568 -0.47822686194507 2250
"361" 7 35 2400 -0.248953919084044 -0.298250047964217 2450
"362" 7 36 2520 -0.0858704509263492 -0.0757306165730908 2550
"363" 7 37 2640 -0.0322203145680006 -0.193191805248441 2650
"364" 7 38 2760 0.0908055889299194 -0.361743882630748 2750
"365" 7 39 2880 -0.0842772648461495 -0.317083188926279 2850
"366" 7 40 3000 -0.146100178345294 -0.303289041550352 3050
"367" 7 41 3120 -0.107745228992595 -0.226156492761741 3150
"368" 7 42 3240 -0.025412449614751 -0.193182266446298 3250
"369" 7 43 3360 -0.0372069852228129 -0.241097212965723 3350
"370" 7 44 3480 -0.13732084028196 -0.355869498859489 3450
"371" 7 45 3600 -0.0969103890645311 0.108858696521518 3650
"372" 7 46 3720 0.003987152075756 -0.0700588449479563 3750
"373" 7 47 3840 -0.208395180505167 -0.0189009236609648 3850
"374" 7 48 3960 -0.26062300099779 -0.0308010073486186 3950
"375" 7 49 4080 -0.0814242966181171 -0.0891842418236203 4050
"376" 7 50 4200 -0.186468670554483 -0.194750118304463 4250
"377" 7 51 4320 -0.0322650514324184 -0.183321624393043 4350
"378" 7 52 4440 -0.0989919986681181 0.391624230484103 4450
"379" 7 53 4560 -0.274775993693486 0.38232504942805 4550
"380" 7 54 4680 -0.2749879129962 0.259272212471273 4650
"381" 7 55 4800 0.113482626745288 -0.201948532353212 4850
"382" 7 56 4920 0.267549317381612 -0.363977317694266 4950
"383" 7 57 5040 0.21222221746697 -0.480582577367356 5050
"384" 7 58 5160 0.20490272482491 -0.525376294952241 5150
"385" 7 59 5280 0.248456176701583 -0.544759167139167 5250
"386" 8 9 60 0.942512703115977 0.981737288894424 50
"387" 8 10 120 0.75791723245969 0.920432081112769 150
"388" 8 11 180 0.691407250461675 0.87518273884178 150
"389" 8 12 240 0.688087686801406 0.746269778488322 250
"390" 8 13 300 0.573140112905953 0.500383714439049 350
"391" 8 14 360 0.493423606759472 0.373348226212366 350
"392" 8 15 420 0.328371271106748 0.162781080399789 450
"393" 8 16 480 0.354651712012661 0.468338801590414 450
"394" 8 17 540 0.344308215998377 0.184247464941552 550
"395" 8 18 600 0.350701629404736 0.461465035820042 650
"396" 8 19 660 0.265633866548514 0.315369966945259 650
"397" 8 20 720 0.229582164537465 0.306435504394213 750
"398" 8 21 780 0.044266426209529 0.158926445925776 750
"399" 8 22 840 0.051578704108112 -0.0245162771626384 850
"400" 8 23 900 0.0039092068750749 0.283016408588686 950
"401" 8 24 1020 -0.0736658367055714 -0.0767287798132165 1050
"402" 8 25 1140 0.174693122430913 0.208714515870929 1150
"403" 8 26 1260 -0.112672885508506 0.253356140688512 1250
"404" 8 27 1380 -0.11364767944659 -0.124815743722538 1350
"405" 8 28 1500 -0.151726151503619 -0.284071278834498 1550
"406" 8 29 1620 -0.247081624307613 -0.270509441811064 1650
"407" 8 30 1740 -0.0171973666481641 -0.234727910463051 1750
"408" 8 31 1860 -0.0878317434673831 -0.359443788204512 1850
"409" 8 32 1980 -0.0196866357397075 -0.348244564978516 1950
"410" 8 33 2100 -0.00934393613466609 -0.293518254754933 2150
"411" 8 34 2220 0.013944481362328 -0.240582089945977 2250
"412" 8 35 2340 0.0312832910455633 -0.193530126960729 2350
"413" 8 36 2460 -0.021858919381421 0.134006615491514 2450
"414" 8 37 2580 -0.0631527887097589 0.101835772060705 2550
"415" 8 38 2700 -0.00560922475448711 -0.111017212715235 2750
"416" 8 39 2820 -0.0715706501980207 -0.177101073573435 2850
"417" 8 40 2940 -0.143154383862173 -0.177834943998902 2950
"418" 8 41 3060 -0.156289887683152 -0.142534922829619 3050
"419" 8 42 3180 -0.15137602844176 -0.18632724438092 3150
"420" 8 43 3300 -0.257223028784761 -0.310320459424102 3350
"421" 8 44 3420 -0.113427245038018 -0.284318942804731 3450
"422" 8 45 3540 -0.132596549699228 -0.0584893142578972 3550
"423" 8 46 3660 -0.072501132267653 -0.253790513709522 3650
"424" 8 47 3780 -0.18216217766509 -0.13774496546877 3750
"425" 8 48 3900 -0.492471722821188 -0.0698019757128737 3950
"426" 8 49 4020 -0.254401677248199 -0.175815001401976 4050
"427" 8 50 4140 -0.503268493603776 -0.227886225629822 4150
"428" 8 51 4260 -0.395300854858504 -0.10832178320125 4250
"429" 8 52 4380 -0.194334610324031 0.241144263963509 4350
"430" 8 53 4500 -0.460457630622876 0.234166819209487 4550
"431" 8 54 4620 -0.344944502134867 0.112008360417195 4650
"432" 8 55 4740 -0.268273689833827 -0.218209385827339 4750
"433" 8 56 4860 -0.250138230826693 -0.307976402985451 4850
"434" 8 57 4980 0.176744401329204 -0.543491068563852 4950
"435" 8 58 5100 0.167265369582146 -0.529543614878898 5150
"436" 8 59 5220 0.110711374383177 -0.537984296091253 5250
"437" 9 10 60 0.859687300648807 0.938309479399007 50
"438" 9 11 120 0.8097392972184 0.88732890275165 150
"439" 9 12 180 0.808021812533752 0.78062065878562 150
"440" 9 13 240 0.704243902186865 0.540234935587573 250
"441" 9 14 300 0.681371255758409 0.434140957438436 350
"442" 9 15 360 0.480081841301788 0.257594306157303 350
"443" 9 16 420 0.468856467029446 0.513309703507822 450
"444" 9 17 480 0.499848567175501 0.208357999485423 450
"445" 9 18 540 0.50072551305975 0.478628283123824 550
"446" 9 19 600 0.423002053828761 0.267080478830214 650
"447" 9 20 660 0.440318298071516 0.206676924008917 650
"448" 9 21 720 0.285229736802402 0.12908302214262 750
"449" 9 22 780 0.306088687118375 0.0399609656060062 750
"450" 9 23 840 0.24624080021055 0.289272096394638 850
"451" 9 24 960 0.125726938266445 0.0740305087328714 950
"452" 9 25 1080 0.348748620255558 0.223234548079413 1050
"453" 9 26 1200 0.102018395618575 0.281980623009743 1250
"454" 9 27 1320 0.028328143378261 0.0197222237774627 1350
"455" 9 28 1440 -0.0934271947484213 -0.0653874623728506 1450
"456" 9 29 1560 -0.289703085250357 -0.209899325190075 1550
"457" 9 30 1680 -0.0606535785679165 -0.132993915020229 1650
"458" 9 31 1800 -0.208404631871702 -0.236105704856196 1850
"459" 9 32 1920 -0.0401886443945304 -0.274163604034526 1950
"460" 9 33 2040 -0.187273405988246 -0.260522027301834 2050
"461" 9 34 2160 -0.0786101025988251 -0.210701060759479 2150
"462" 9 35 2280 0.143045439017872 -0.160720027415479 2250
"463" 9 36 2400 -0.146098559239446 0.0958250236564543 2450
"464" 9 37 2520 -0.0607747860205304 -0.00745137207232991 2550
"465" 9 38 2640 0.0236767210732783 -0.141920856128541 2650
"466" 9 39 2760 0.0126710895568797 -0.205563603888089 2750
"467" 9 40 2880 0.0627163913908584 -0.190271188315811 2850
"468" 9 41 3000 0.0565845270108251 -0.125940232752707 3050
"469" 9 42 3120 0.161511328829737 -0.144343106598339 3150
"470" 9 43 3240 0.0296678323012763 -0.190097098512202 3250
"471" 9 44 3360 -0.163706595627109 -0.258563206319538 3350
"472" 9 45 3480 -0.280683410838658 0.0181335984060333 3450
"473" 9 46 3600 -0.0872865339700211 -0.190388193017468 3650
"474" 9 47 3720 -0.197326127827092 -0.0766548917456993 3750
"475" 9 48 3840 -0.57704577556975 -0.0181066222651723 3850
"476" 9 49 3960 -0.39311624473283 -0.217286112780188 3950
"477" 9 50 4080 -0.452862916176966 -0.240229199332375 4050
"478" 9 51 4200 -0.086201999246396 -0.186829554361523 4250
"479" 9 52 4320 0.0627470484913509 0.279717537402706 4350
"480" 9 53 4440 -0.222927231271004 0.201047593591018 4450
"481" 9 54 4560 -0.0170704454570653 0.212969608611035 4550
"482" 9 55 4680 0.0789241447542969 -0.00019093136749217 4650
"483" 9 56 4800 0.0454551192157731 -0.0224725798063566 4850
"484" 9 57 4920 0.273389588559522 -0.0660032257833166 4950
"485" 9 58 5040 0.281855288292666 -0.0436550254864855 5050
"486" 9 59 5160 0.101433135358095 -0.131602343934975 5150
"487" 10 11 60 0.952988194106518 0.928680359180229 50
"488" 10 12 120 0.914422716557055 0.83280547810503 150
"489" 10 13 180 0.818079898042684 0.656866280780576 150
"490" 10 14 240 0.609083833352705 0.500250428762746 250
"491" 10 15 300 0.540357137771026 0.306273728748919 350
"492" 10 16 360 0.484258887026184 0.56447354357525 350
"493" 10 17 420 0.481754484944605 0.247322822081025 450
"494" 10 18 480 0.502495416567207 0.565080007397801 450
"495" 10 19 540 0.419242850603183 0.239515190407212 550
"496" 10 20 600 0.443081736945367 0.164558535313418 650
"497" 10 21 660 0.374407348878782 0.131404667372707 650
"498" 10 22 720 0.289407612204765 0.218323425610184 750
"499" 10 23 780 0.309635162500597 0.262791146719539 750
"500" 10 24 900 0.0729948032628151 0.262724966885524 950
"501" 10 25 1020 0.128256471591899 0.311421243368285 1050
"502" 10 26 1140 0.0993765426077861 0.430931553672817 1150
"503" 10 27 1260 -0.319652967838435 0.161806980218097 1250
"504" 10 28 1380 -0.176466562669031 0.0485820698455311 1350
"505" 10 29 1500 -0.40256695337922 -0.0177575242549603 1550
"506" 10 30 1620 -0.217550009865613 -0.0484547183829625 1650
"507" 10 31 1740 -0.329972916539668 -0.129203360861899 1750
"508" 10 32 1860 -0.250835814236459 -0.22106319989352 1850
"509" 10 33 1980 -0.197436998632885 -0.149212758058541 1950
"510" 10 34 2100 -0.165119979193609 -0.0909629792057385 2150
"511" 10 35 2220 0.079560553110508 -0.0052419881435575 2250
"512" 10 36 2340 -0.090018321774323 0.223792260801547 2350
"513" 10 37 2460 -0.231181567002263 0.290119945430817 2450
"514" 10 38 2580 -0.0699785164247042 0.0749706658058951 2550
"515" 10 39 2700 -0.089428134821195 -0.0782273943684177 2750
"516" 10 40 2820 -0.000568578490275052 -0.101500716219489 2850
"517" 10 41 2940 -0.00651201979739465 -0.062254789337318 2950
"518" 10 42 3060 0.0934973374111956 -0.0602451657927394 3050
"519" 10 43 3180 0.0926307322628974 -0.00749591609551823 3150
"520" 10 44 3300 -0.000326937293141232 -0.0766688181785406 3350
"521" 10 45 3420 -0.0293962608361597 0.29853117467621 3450
"522" 10 46 3540 -0.0318792013121123 -0.10715681337844 3550
"523" 10 47 3660 -0.348583823210743 -0.0204575910816559 3650
"524" 10 48 3780 -0.502581949564795 -0.10280949724482 3750
"525" 10 49 3900 -0.343676741673216 -0.429031798297743 3950
"526" 10 50 4020 -0.228062348674758 -0.38215107914443 4050
"527" 10 51 4140 -0.194812052891933 -0.359486312758274 4150
"528" 10 52 4260 -0.0316883192007794 0.078183180111675 4250
"529" 10 53 4380 -0.370998060918795 0.0537958343438217 4350
"530" 10 54 4500 -0.625086229274158 0.296740789550416 4550
"531" 10 55 4620 -0.475856862460644 -0.253266089211781 4650
"532" 10 56 4740 -0.316276853127202 -0.187738156727327 4750
"533" 10 57 4860 -0.250385995166981 -0.29782521075615 4850
"534" 10 58 4980 -0.209891382443958 -0.271472476334518 4950
"535" 10 59 5100 0.438914321392992 -0.332429611947613 5150
"536" 11 12 60 0.972040749645939 0.895994804886189 50
"537" 11 13 120 0.932455946584079 0.739003159759971 150
"538" 11 14 180 0.845857885490503 0.587081001194876 150
"539" 11 15 240 0.813329836147912 0.47353247201842 250
"540" 11 16 300 0.75580788799745 0.669209895022873 350
"541" 11 17 360 0.698304790685883 0.200022315256016 350
"542" 11 18 420 0.625349470241671 0.279415487331841 450
"543" 11 19 480 0.563957265423626 -0.0273595446479551 450
"544" 11 20 540 0.462318629576484 0.134769588871146 550
"545" 11 21 600 0.395781951558094 0.0955711697500202 650
"546" 11 22 660 0.209791983826574 0.0271232535751233 650
"547" 11 23 720 0.216816188318457 0.130531474644552 750
"548" 11 24 840 0.0547322521483001 0.0237766559472341 850
"549" 11 25 960 0.0612902250280039 0.1531347411712 950
"550" 11 26 1080 0.0907365567713844 0.205637319674147 1050
"551" 11 27 1200 -0.0828924957340751 -0.0494616651956092 1250
"552" 11 28 1320 -0.051779936203297 -0.101755204314784 1350
"553" 11 29 1440 -0.282520159605037 -0.239063317960616 1450
"554" 11 30 1560 -0.257689949925586 -0.00981201493161761 1550
"555" 11 31 1680 -0.381261073037979 -0.109711907078206 1650
"556" 11 32 1800 -0.388440918575247 -0.148603928374014 1850
"557" 11 33 1920 -0.462543916619094 -0.152274920015683 1950
"558" 11 34 2040 -0.207445250886294 -0.0879048833914205 2050
"559" 11 35 2160 -0.401117800030228 0.0343020783728643 2150
"560" 11 36 2280 -0.377035398703635 0.246791406863042 2250
"561" 11 37 2400 -0.364778576033127 0.120930013660283 2450
"562" 11 38 2520 -0.0882512729690904 -0.0582538801549995 2550
"563" 11 39 2640 -0.200546012509042 -0.227925952884774 2650
"564" 11 40 2760 -0.140318838301157 -0.198216288675296 2750
"565" 11 41 2880 -0.151090222281511 -0.200245507723695 2850
"566" 11 42 3000 0.123790894594076 -0.13060475502959 3050
"567" 11 43 3120 0.209888364549773 -0.0872286579709318 3150
"568" 11 44 3240 0.156751237072669 -0.120494457487652 3250
"569" 11 45 3360 0.173163413136282 0.138879200183257 3350
"570" 11 46 3480 0.159900941998506 -0.108824510669871 3450
"571" 11 47 3600 0.00063111075588256 -0.103204213975561 3650
"572" 11 48 3720 -0.169860721400064 -0.0334173027915128 3750
"573" 11 49 3840 -0.0903940860216102 -0.101462042733424 3850
"574" 11 50 3960 -0.142399938588658 -0.249151107865014 3950
"575" 11 51 4080 -0.220357776846083 -0.459979040019922 4050
"576" 11 52 4200 -0.180380510884028 -0.148472536532025 4250
"577" 11 53 4320 -0.412495593449129 -0.0211160032166941 4350
"578" 11 54 4440 -0.4986170038869 0.156965585548967 4450
"579" 11 55 4560 -0.312876653892506 0.00998403456556187 4550
"580" 11 56 4680 -0.278189639728982 0.159895778371611 4650
"581" 11 57 4800 -0.206848501167658 -0.108945607869437 4850
"582" 11 58 4920 -0.156598552804661 0.0248807177415481 4950
"583" 11 59 5040 0.125742964561938 -0.0615273092494447 5050
"584" 12 13 60 0.943469404259597 0.965227638163224 50
"585" 12 14 120 0.877725859280295 0.855336073986581 150
"586" 12 15 180 0.855539125198375 0.827669041509972 150
"587" 12 16 240 0.821594576206009 0.647158918483457 250
"588" 12 17 300 0.732687765583608 0.411905579901557 350
"589" 12 18 360 0.710795141607655 0.549794323531879 350
"590" 12 19 420 0.65495028048219 0.326257846407424 450
"591" 12 20 480 0.544600233774622 0.215848306293112 450
"592" 12 21 540 0.515967606049474 0.431827299382438 550
"593" 12 22 600 0.427665755717516 0.127932977362902 650
"594" 12 23 660 0.37015007512805 0.337244527076945 650
"595" 12 24 780 0.22137037722214 -0.0293415243112361 750
"596" 12 25 900 0.413289971808852 0.279945198340558 950
"597" 12 26 1020 0.250721152488848 0.300756187210371 1050
"598" 12 27 1140 0.102256118527972 0.0489125346962537 1150
"599" 12 28 1260 -0.101562231582773 0.00242092502302342 1250
"600" 12 29 1380 -0.157913316949642 -0.00972898673348182 1350
"601" 12 30 1500 -0.176670349474084 -0.205225912669307 1550
"602" 12 31 1620 -0.380002759713539 -0.25055803939566 1650
"603" 12 32 1740 -0.278808840453116 -0.253883375045472 1750
"604" 12 33 1860 -0.360797654395601 -0.295952017677347 1850
"605" 12 34 1980 -0.241897243330175 -0.227390886774396 1950
"606" 12 35 2100 -0.0815946335481074 -0.103746779480024 2150
"607" 12 36 2220 -0.317045860545639 0.113177768578195 2250
"608" 12 37 2340 -0.416699600884271 0.136521387304925 2350
"609" 12 38 2460 -0.0946326036438293 -0.0309084504681697 2450
"610" 12 39 2580 -0.211657955589058 0.0668157244900303 2550
"611" 12 40 2700 -0.0482289277746641 0.144199339831392 2750
"612" 12 41 2820 -0.131541841790941 -0.000949150856084179 2850
"613" 12 42 2940 -0.000421863952022062 -0.00173933372415195 2950
"614" 12 43 3060 -0.0849220343670946 0.0815037469510363 3050
"615" 12 44 3180 -0.147074910863439 0.0297815132590363 3150
"616" 12 45 3300 -0.116473047782232 0.273720138036863 3350
"617" 12 46 3420 -0.0760215997257409 -0.0262471505477025 3450
"618" 12 47 3540 -0.332823629020099 -0.0961745558258813 3550
"619" 12 48 3660 -0.442205180640936 0.208804763314345 3650
"620" 12 49 3780 -0.261534915675416 0.212675523240035 3750
"621" 12 50 3900 -0.300621603273858 0.223381353886348 3950
"622" 12 51 4020 -0.151775546489998 0.305218261212072 4050
"623" 12 52 4140 -0.0930672278558696 0.257665128563613 4150
"624" 12 53 4260 -0.442945488700534 0.525551188061767 4250
"625" 12 54 4380 -0.490793980882247 0.563048643385802 4350
"626" 12 55 4500 -0.076141020431195 0.40961628402049 4550
"627" 12 56 4620 -0.0884801699167678 -0.0391913097797953 4650
"628" 12 57 4740 0.235285435833731 -0.526068023088718 4750
"629" 12 58 4860 0.308186411198859 -0.5484818430299 4850
"630" 12 59 4980 0.331619711051141 -0.461601871612016 4950
"631" 13 14 60 0.963607652347475 0.937405944622832 50
"632" 13 15 120 0.906236082332078 0.760502452446059 150
"633" 13 16 180 0.867108042542223 0.743449487004992 150
"634" 13 17 240 0.769413229730816 0.532457507195964 250
"635" 13 18 300 0.736726814965636 0.655109958453846 350
"636" 13 19 360 0.703919613222465 0.463758422342917 350
"637" 13 20 420 0.607699777288622 0.447197887994602 450
"638" 13 21 480 0.435960063783111 0.38480092862474 450
"639" 13 22 540 0.48329059314188 0.0113027547923433 550
"640" 13 23 600 0.262344599735703 0.280145674219592 650
"641" 13 24 720 0.266275794550736 0.0834271527931623 750
"642" 13 25 840 0.248764326756656 0.30246980485508 850
"643" 13 26 960 0.209092141768876 0.324618496158303 950
"644" 13 27 1080 0.0248491011045803 0.162550182722024 1050
"645" 13 28 1200 -0.126374395650637 0.0721373644039014 1250
"646" 13 29 1320 -0.179122586698934 0.0644001930157733 1350
"647" 13 30 1440 -0.0874353068330666 -0.170076086092845 1450
"648" 13 31 1560 -0.276709951014474 -0.149890064937319 1550
"649" 13 32 1680 -0.20702216658273 -0.154620015069952 1650
"650" 13 33 1800 -0.356848442884836 -0.111909366308711 1850
"651" 13 34 1920 -0.193377740549711 -0.0911622692684293 1950
"652" 13 35 2040 -0.0350422289850773 -0.0418889766819672 2050
"653" 13 36 2160 -0.256090249958404 0.0357114844456286 2150
"654" 13 37 2280 -0.249765075000362 -0.0211010849127035 2250
"655" 13 38 2400 -0.0289409905782095 -0.0830056485604663 2450
"656" 13 39 2520 -0.139672363226712 0.161270581045188 2550
"657" 13 40 2640 -0.209688007629752 0.0389981223364522 2650
"658" 13 41 2760 -0.130305767691338 0.0305698919069019 2750
"659" 13 42 2880 -0.0674422028332669 0.0858546240316557 2850
"660" 13 43 3000 -0.0752322684726694 0.172945203290702 3050
"661" 13 44 3120 -0.252934854174354 0.148525227005526 3150
"662" 13 45 3240 -0.381265612735688 0.227876797794826 3250
"663" 13 46 3360 -0.337770596936696 0.0500181147057978 3350
"664" 13 47 3480 -0.418195332535656 -0.0488632162397268 3450
"665" 13 48 3600 -0.509398674193259 -0.0079961388041529 3650
"666" 13 49 3720 -0.463463646651616 0.0667221199049723 3750
"667" 13 50 3840 -0.39731900382736 0.354255917081831 3850
"668" 13 51 3960 -0.397980510368692 0.286135479459351 3950
"669" 13 52 4080 -0.230581947269721 -0.00680488506344171 4050
"670" 13 53 4200 -0.459019138758081 0.102309219740308 4250
"671" 13 54 4320 -0.461901010385405 0.0390223508434606 4350
"672" 13 55 4440 -0.340340866752435 -0.190966106572481 4450
"673" 13 56 4560 -0.190873484094267 -0.274257359740922 4550
"674" 13 57 4680 -0.192517224127428 -0.450015274664655 4650
"675" 13 58 4800 -0.212698541061866 -0.445117704346032 4850
"676" 13 59 4920 0.123645204690061 -0.76423798211627 4950
"677" 14 15 60 0.980359424460817 0.918073176706308 50
"678" 14 16 120 0.950755529630257 0.77806119358879 150
"679" 14 17 180 0.920626669444931 0.578609902538568 150
"680" 14 18 240 0.885323839955013 0.549765965133217 250
"681" 14 19 300 0.857703018585307 0.514991997755865 350
"682" 14 20 360 0.697668851339208 0.560905407897545 350
"683" 14 21 420 0.546561503270775 0.407958979925535 450
"684" 14 22 480 0.628204447943139 -0.108734464083561 450
"685" 14 23 540 0.384416980742811 0.30581833742741 550
"686" 14 24 660 0.41651553613481 0.297819896223126 650
"687" 14 25 780 0.403239606083967 0.396709733384064 750
"688" 14 26 900 0.261180505747383 0.432259158604103 950
"689" 14 27 1020 0.0735420482869791 0.39260109395483 1050
"690" 14 28 1140 -0.0713712193144461 0.307217620989035 1150
"691" 14 29 1260 -0.277920024777391 0.105886587944828 1250
"692" 14 30 1380 -0.124147137704719 0.0047327398451116 1350
"693" 14 31 1500 -0.219591211141192 0.0166412326513075 1550
"694" 14 32 1620 -0.115612056787693 -0.0591286293287574 1650
"695" 14 33 1740 -0.276053736272387 -0.145874078264499 1750
"696" 14 34 1860 -0.0735206158879992 -0.00825177767959879 1850
"697" 14 35 1980 0.206913556636419 0.0499646005836712 1950
"698" 14 36 2100 0.0965532362130091 0.111246942234487 2150
"699" 14 37 2220 0.173465924348583 0.105645321481008 2250
"700" 14 38 2340 0.221659256876935 0.16496386299924 2350
"701" 14 39 2460 0.137386443124902 0.338322333804088 2450
"702" 14 40 2580 0.224414731009972 0.230495368945026 2550
"703" 14 41 2700 0.241864960983404 0.220811649832342 2750
"704" 14 42 2820 0.0349247736199542 0.227708679778752 2850
"705" 14 43 2940 -0.0280411186607535 0.298244594464737 2950
"706" 14 44 3060 -0.220765189946769 0.349348372400685 3050
"707" 14 45 3180 -0.325406704277235 0.32481806540462 3150
"708" 14 46 3300 -0.334032674343722 0.0440737347148917 3350
"709" 14 47 3420 -0.416349976311761 -0.0167679127491674 3450
"710" 14 48 3540 -0.48458758247339 0.39952685863095 3550
"711" 14 49 3660 -0.38633189814206 0.695797267587156 3650
"712" 14 50 3780 -0.225902397628301 0.793799638976235 3750
"713" 14 51 3900 -0.247134741896754 0.757049177234066 3950
"714" 14 52 4020 0.0443696881966856 0.00719423686533925 4050
"715" 14 53 4140 -0.319249195922031 -0.0877457700774934 4150
"716" 14 54 4260 -0.213852470581534 0.203844997553923 4250
"717" 14 55 4380 0.110316738501058 0.554732891349139 4350
"718" 14 56 4500 0.417124418421462 0.515115293847173 4550
"719" 14 57 4620 0.764039428105852 0.449288368482587 4650
"720" 14 58 4740 0.723418705243383 0.425952363142849 4750
"721" 14 59 4860 0.660262670288299 0.377082647851102 4850
"722" 15 16 60 0.976821286767014 0.696693438228058 50
"723" 15 17 120 0.933970712624623 0.747291086236551 150
"724" 15 18 180 0.8930052662257 0.349745836546302 150
"725" 15 19 240 0.860034088531788 0.548137225301799 250
"726" 15 20 300 0.76299948501271 0.119442658945937 350
"727" 15 21 360 0.731681782674099 0.467883453191544 350
"728" 15 22 420 0.646252984817417 0.126271453551126 450
"729" 15 23 480 0.545866401493589 0.284467792594943 450
"730" 15 24 600 0.49227401923163 0.218133740972094 650
"731" 15 25 720 0.483899249949025 0.132773812501628 750
"732" 15 26 840 0.31355455155627 -0.00316990001008091 850
"733" 15 27 960 0.0663493695777407 0.164781250805759 950
"734" 15 28 1080 -0.149537879562412 -0.000943323870355951 1050
"735" 15 29 1200 -0.314764008518609 0.0133270858824302 1250
"736" 15 30 1320 -0.210141898088907 -0.184423788596342 1350
"737" 15 31 1440 -0.255607068699834 -0.123956503228345 1450
"738" 15 32 1560 -0.119837608678954 -0.0716178234422061 1550
"739" 15 33 1680 -0.232875262571482 -0.0846665974250153 1650
"740" 15 34 1800 -0.0792756097996627 0.208871154105455 1850
"741" 15 35 1920 0.0995156641722504 0.3398145642528 1950
"742" 15 36 2040 0.127640026101803 0.280367847258196 2050
"743" 15 37 2160 0.191946556448833 0.40774222562331 2150
"744" 15 38 2280 0.330587798241937 0.413939907532023 2250
"745" 15 39 2400 0.220298369385164 0.388607662540285 2450
"746" 15 40 2520 0.289848819848164 0.428133446825108 2550
"747" 15 41 2640 0.310459702336264 0.37608646930848 2650
"748" 15 42 2760 0.0881041590995748 0.369679161779735 2750
"749" 15 43 2880 -0.0402633719921152 0.545845869846184 2850
"750" 15 44 3000 -0.222594541273062 0.625732851511497 3050
"751" 15 45 3120 -0.328465221328529 0.0742515880692887 3150
"752" 15 46 3240 -0.312112035069095 -0.0106981416870337 3250
"753" 15 47 3360 -0.42049416407391 -0.109509621975321 3350
"754" 15 48 3480 -0.512579236041654 0.169803831878196 3450
"755" 15 49 3600 -0.385808019969376 0.243315470835089 3650
"756" 15 50 3720 -0.240788878129222 0.555031046138787 3750
"757" 15 51 3840 -0.30248338803446 0.546619880686984 3850
"758" 15 52 3960 -0.00767961050309689 0.0997225963539224 3950
"759" 15 53 4080 -0.364242294778559 0.397801669810677 4050
"760" 15 54 4200 -0.258720997572706 0.590881977680921 4250
"761" 15 55 4320 -0.00131932055034996 0.454115023504218 4350
"762" 15 56 4440 0.20930209859346 0.655285978462909 4450
"763" 15 57 4560 0.606734847959242 0.650645269044846 4550
"764" 15 58 4680 0.582221870567532 0.787247171786831 4650
"765" 15 59 4800 0.554434962947626 0.781895236299407 4850
"766" 16 17 60 0.962822398166988 0.928380647307474 50
"767" 16 18 120 0.939035793283204 0.90696634159189 150
"768" 16 19 180 0.892705950321248 0.587306767826447 150
"769" 16 20 240 0.807657629353984 0.896974003220783 250
"770" 16 21 300 0.668354016341282 0.522676131710963 350
"771" 16 22 360 0.648985116600371 0.306638779886378 350
"772" 16 23 420 0.578772594532963 0.482373329684429 450
"773" 16 24 540 0.562652820878669 0.230939651901708 550
"774" 16 25 660 0.466471640558626 0.521947643004057 650
"775" 16 26 780 0.351043207435067 0.314407117119837 750
"776" 16 27 900 0.136890461401642 0.167200857507262 950
"777" 16 28 1020 -0.16936428967249 -0.0495713109014187 1050
"778" 16 29 1140 -0.226786839037985 -0.0995766738942945 1150
"779" 16 30 1260 -0.227439859433789 -0.062840642972999 1250
"780" 16 31 1380 -0.272667432028633 0.13253459734682 1350
"781" 16 32 1500 -0.203778751269001 0.125466141110306 1550
"782" 16 33 1620 -0.231257305666854 0.0651481660374227 1650
"783" 16 34 1740 -0.101534670929706 0.0774522586487135 1750
"784" 16 35 1860 0.078604215316217 0.147628356278357 1850
"785" 16 36 1980 0.193515321720804 0.00598886142091445 1950
"786" 16 37 2100 0.224695882077699 -0.0371013859957593 2150
"787" 16 38 2220 0.328179725327938 -0.0503034892871661 2250
"788" 16 39 2340 0.23682922983441 -0.0474733407249319 2350
"789" 16 40 2460 0.313639442091513 0.0554963779825754 2450
"790" 16 41 2580 0.303213024708356 0.0795875530271498 2550
"791" 16 42 2700 0.139690356510882 0.064456814105511 2750
"792" 16 43 2820 0.0820514949701271 0.177606057591829 2850
"793" 16 44 2940 -0.10434770202782 -0.0893293694420686 2950
"794" 16 45 3060 -0.130363866670885 -0.0279329424450461 3050
"795" 16 46 3180 -0.127508180484443 -0.179373820643259 3150
"796" 16 47 3300 -0.336206486693845 -0.142870072082555 3350
"797" 16 48 3420 -0.420796019035846 -0.0455755978286563 3450
"798" 16 49 3540 -0.294963895453058 0.0280499018146853 3550
"799" 16 50 3660 -0.312118761963476 0.106238468251039 3650
"800" 16 51 3780 -0.320845120621031 -0.0498174146106474 3750
"801" 16 52 3900 -0.386917633567163 -0.0234452949331384 3950
"802" 16 53 4020 -0.637483242662133 0.0104197818075462 4050
"803" 16 54 4140 -0.572069157154015 0.0640211728721554 4150
"804" 16 55 4260 -0.12539457349955 0.0238473639020216 4250
"805" 16 56 4380 -0.139956885089784 0.117494518463174 4350
"806" 16 57 4500 0.34238546327906 0.105805373685763 4550
"807" 16 58 4620 0.435678607614683 -0.0344376213600419 4650
"808" 16 59 4740 0.458726723385492 0.0335065782341098 4750
"809" 17 18 60 0.970649556762489 0.880213690009387 50
"810" 17 19 120 0.944058185904983 0.769780319924021 150
"811" 17 20 180 0.845179288265334 0.860723233098481 150
"812" 17 21 240 0.787334541142733 0.56489285903089 250
"813" 17 22 300 0.702658356551979 0.338085597664441 350
"814" 17 23 360 0.646571891435093 0.448675317835806 350
"815" 17 24 480 0.514378239197989 0.417952858182277 450
"816" 17 25 600 0.482901701592147 0.35739967933404 650
"817" 17 26 720 0.296939332697529 0.147748588398207 750
"818" 17 27 840 0.121159658176646 0.457389459970154 850
"819" 17 28 960 -0.115557722030268 0.231517785892278 950
"820" 17 29 1080 -0.203580609777071 0.056924549630042 1050
"821" 17 30 1200 -0.20905213189101 -0.110418948059496 1250
"822" 17 31 1320 -0.276488218835305 -0.0321334056753236 1350
"823" 17 32 1440 -0.115648536777855 0.0592949705227893 1450
"824" 17 33 1560 -0.241620357070206 0.0105309699891686 1550
"825" 17 34 1680 -0.0593090328792728 0.115835282442128 1650
"826" 17 35 1800 0.0863119373032991 0.197879275014057 1850
"827" 17 36 1920 0.201990717192469 -0.127206652371838 1950
"828" 17 37 2040 0.266154764413626 -0.0734466178224256 2050
"829" 17 38 2160 0.287099255315407 -0.0297570316759864 2150
"830" 17 39 2280 0.220425072282149 0.079942077519556 2250
"831" 17 40 2400 0.303731967861095 0.207411407191149 2450
"832" 17 41 2520 0.26491584314457 0.164288372135291 2550
"833" 17 42 2640 0.0949874084393192 0.140619147333515 2650
"834" 17 43 2760 0.0897561559595528 0.239338233896672 2750
"835" 17 44 2880 -0.105506979483015 0.104967997310189 2850
"836" 17 45 3000 -0.088008340416377 -0.0837829836405081 3050
"837" 17 46 3120 -0.0507640155289773 -0.163443409868836 3150
"838" 17 47 3240 -0.144599790984223 -0.120015507048443 3250
"839" 17 48 3360 -0.42535659819769 0.0264738961132668 3350
"840" 17 49 3480 -0.319802796806511 0.118030496006154 3450
"841" 17 50 3600 -0.248012531198562 0.327766907093824 3650
"842" 17 51 3720 0.0674474958849352 0.180911834842285 3750
"843" 17 52 3840 -0.0481595988292913 -0.218277655562185 3850
"844" 17 53 3960 -0.226154425524676 -0.0920291900911005 3950
"845" 17 54 4080 -0.103453786133767 -0.00690620532636974 4050
"846" 17 55 4200 0.288811313637992 0.00202801218840747 4250
"847" 17 56 4320 0.167088124846358 0.041374144039653 4350
"848" 17 57 4440 0.483173608353312 0.0267534542437924 4450
"849" 17 58 4560 0.504050617638692 -0.0177884796325846 4550
"850" 17 59 4680 0.338454824648088 0.0262731644603104 4650
"851" 18 19 60 0.94954034705327 0.705070054675373 50
"852" 18 20 120 0.92129263442595 0.963874153354531 150
"853" 18 21 180 0.804407983401268 0.519190851462118 150
"854" 18 22 240 0.791779376032605 0.809156454247045 250
"855" 18 23 300 0.763761695015929 0.556812829126396 350
"856" 18 24 420 0.526631181679671 0.510724610055669 450
"857" 18 25 540 0.422840931314461 0.458172998353599 550
"858" 18 26 660 0.137423761782709 0.365599294559498 650
"859" 18 27 780 -0.110031245052251 0.369243486824253 750
"860" 18 28 900 -0.193333142129816 0.164672134510563 950
"861" 18 29 1020 -0.271366904506769 0.0234698860470433 1050
"862" 18 30 1140 -0.19247048372604 -0.0601690286424778 1150
"863" 18 31 1260 -0.251682064004774 0.00456560959253284 1250
"864" 18 32 1380 -0.203283345452615 -0.0667556634268533 1350
"865" 18 33 1500 -0.276816482540552 -0.124282052016797 1550
"866" 18 34 1620 -0.193011686606157 -0.127085668730941 1650
"867" 18 35 1740 -0.0315444963985651 -0.0186091201862373 1750
"868" 18 36 1860 0.0750209611725238 -0.054650056774008 1850
"869" 18 37 1980 0.09782702247132 0.00761957987006014 1950
"870" 18 38 2100 0.211133161839869 -0.0169121434878032 2150
"871" 18 39 2220 0.121932033466731 0.000290056386264947 2250
"872" 18 40 2340 0.24508510566182 0.0843298913126706 2350
"873" 18 41 2460 0.254141224074643 0.106043068272446 2450
"874" 18 42 2580 0.103120754264113 0.0258638440444302 2550
"875" 18 43 2700 -0.037706330825959 -0.0287756184742806 2750
"876" 18 44 2820 -0.264926857203416 -0.164978160911457 2850
"877" 18 45 2940 -0.350583825294657 -0.196189161990318 2950
"878" 18 46 3060 -0.388899763640855 -0.144658792009103 3050
"879" 18 47 3180 -0.562794136991199 -0.105475442165298 3150
"880" 18 48 3300 -0.627994911657055 0.0174851208289933 3350
"881" 18 49 3420 -0.556679594065646 0.165725310643688 3450
"882" 18 50 3540 -0.390510428205078 -0.0544730996159436 3550
"883" 18 51 3660 -0.261669935834723 -0.193918342731405 3650
"884" 18 52 3780 -0.40431784985897 -0.137073591222868 3750
"885" 18 53 3900 -0.630881734298896 -0.152782224957207 3950
"886" 18 54 4020 -0.6422448632038 -0.0332628856757985 4050
"887" 18 55 4140 0.0371965382998775 -0.0217907564068565 4150
"888" 18 56 4260 0.0738344247269552 0.158398092232502 4250
"889" 18 57 4380 0.682049060854143 0.108146014366496 4350
"890" 18 58 4500 0.746629955394447 -0.194662892123885 4550
"891" 18 59 4620 0.786726318523426 -0.149094178403521 4650
"892" 19 20 60 0.927067626459677 0.816027460500312 50
"893" 19 21 120 0.93414643814076 0.944858490466072 150
"894" 19 22 180 0.885360517242985 0.846550462873109 150
"895" 19 23 240 0.82459313061196 0.861131016843204 250
"896" 19 24 360 0.684773855035256 0.750045565471515 350
"897" 19 25 480 0.628652469353722 0.61146461386178 450
"898" 19 26 600 0.389043833131817 0.476554909607413 650
"899" 19 27 720 0.289433538993547 0.640731955317235 750
"900" 19 28 840 0.18237356800223 0.352797800754064 850
"901" 19 29 960 0.0651889990785982 0.340185360624939 950
"902" 19 30 1080 0.0447321141710493 0.0213861458360311 1050
"903" 19 31 1200 -0.131566315920628 -0.0431443375846941 1250
"904" 19 32 1320 -0.154205122510566 -0.018698338187105 1350
"905" 19 33 1440 -0.207938493222732 -0.0866613298614446 1450
"906" 19 34 1560 -0.0904003870045455 -0.120169258909435 1550
"907" 19 35 1680 0.114228354753767 -0.112140626803067 1650
"908" 19 36 1800 0.191703440065794 -0.165531024457324 1850
"909" 19 37 1920 0.209506175374786 -0.0703943913118546 1950
"910" 19 38 2040 0.349068110023102 -0.0311008130470395 2050
"911" 19 39 2160 0.193615410690605 0.233999829830076 2150
"912" 19 40 2280 0.262798633559616 0.497242067233293 2250
"913" 19 41 2400 0.322834277834429 0.368090975137795 2450
"914" 19 42 2520 0.26108093570509 0.47101460220196 2550
"915" 19 43 2640 0.129122660204663 0.614330639437617 2650
"916" 19 44 2760 -0.130337383596018 0.48747882161727 2750
"917" 19 45 2880 -0.259205621097985 -0.011062587379883 2850
"918" 19 46 3000 -0.318291568156868 -0.0912888517934327 3050
"919" 19 47 3120 -0.473704033934333 -0.0413535452710067 3150
"920" 19 48 3240 -0.535145984170233 0.191102339202085 3250
"921" 19 49 3360 -0.487361003137994 0.339295938483963 3350
"922" 19 50 3480 -0.425322040357169 0.723187176911875 3450
"923" 19 51 3600 -0.338342391808373 0.606212416725852 3650
"924" 19 52 3720 -0.387514475565389 -0.206376383644178 3750
"925" 19 53 3840 -0.287011274405797 -0.260142780963529 3850
"926" 19 54 3960 -0.198668218366741 -0.155005087838952 3950
"927" 19 55 4080 0.0954665720257598 -0.149116537777178 4050
"928" 19 56 4200 -0.0466891689712419 -0.112087523291056 4250
"929" 19 57 4320 0.0870404550808211 -0.156601279086094 4350
"930" 19 58 4440 0.160497199724486 -0.134365689527409 4450
"931" 19 59 4560 0.247451393748691 -0.131155499870011 4550
"932" 20 21 60 0.919374119687599 0.820725022252115 50
"933" 20 22 120 0.905680989463039 0.90821234188877 150
"934" 20 23 180 0.844064528606732 0.766041768212507 150
"935" 20 24 300 0.608284287006133 0.68931796274905 350
"936" 20 25 420 0.535544354429527 0.613292038637095 450
"937" 20 26 540 0.318067123192673 0.573670018627096 550
"938" 20 27 660 0.22017223590196 0.631877099961233 650
"939" 20 28 780 0.134952264966717 0.365488214042913 750
"940" 20 29 900 0.211672836431378 0.124349460426907 950
"941" 20 30 1020 0.142142814325798 0.272440590156341 1050
"942" 20 31 1140 0.00237939618999565 0.217828965763226 1150
"943" 20 32 1260 -0.0141518327866224 0.294724200046739 1250
"944" 20 33 1380 -0.139309448002125 -0.0652885968228895 1350
"945" 20 34 1500 0.019871749391017 -0.0939433587984757 1550
"946" 20 35 1620 0.145912698501919 0.0269207701950902 1650
"947" 20 36 1740 0.157458108438393 -0.00514230597044443 1750
"948" 20 37 1860 0.0606982945658703 -0.028441420261718 1850
"949" 20 38 1980 0.0913187611081211 -0.127872134396375 1950
"950" 20 39 2100 -0.0378795302763744 -0.0844641999791593 2150
"951" 20 40 2220 -0.0671642948760546 0.0274205512275986 2250
"952" 20 41 2340 0.0616319281238822 -0.0152647255516906 2350
"953" 20 42 2460 0.177633892561408 0.14834562446971 2450
"954" 20 43 2580 0.0262805288795495 0.0672744736236477 2550
"955" 20 44 2700 -0.2033031807314 -0.0776704894694802 2750
"956" 20 45 2820 -0.355264395362013 -0.0469517656677233 2850
"957" 20 46 2940 -0.452914825392152 0.00766813751326129 2950
"958" 20 47 3060 -0.550277238166044 0.0644387478401114 3050
"959" 20 48 3180 -0.642360020523964 0.0108665482377784 3150
"960" 20 49 3300 -0.666375277415006 0.124037969286137 3350
"961" 20 50 3420 -0.379590053859225 0.0937583306126728 3450
"962" 20 51 3540 -0.253959321403962 0.0373198292811642 3550
"963" 20 52 3660 -0.396191670956798 0.00645225537615339 3650
"964" 20 53 3780 -0.314686239656132 -0.116075035440527 3750
"965" 20 54 3900 -0.365898165242701 0.00917783827900515 3950
"966" 20 55 4020 -0.0831782550444846 -0.114910011651407 4050
"967" 20 56 4140 -0.0688070206915553 -0.117488995688704 4150
"968" 20 57 4260 -0.0177685754187568 -0.165829116492451 4250
"969" 20 58 4380 0.0825014693528681 -0.255829651518426 4350
"970" 20 59 4500 0.176466543901091 -0.182869578161082 4550
"971" 21 22 60 0.970548832619068 0.963772067197357 50
"972" 21 23 120 0.921223050463059 0.869810909884675 150
"973" 21 24 240 0.777099102512013 0.807574443488473 250
"974" 21 25 360 0.716230255003937 0.634953252085758 350
"975" 21 26 480 0.528734924897747 0.561584089727604 450
"976" 21 27 600 0.335796355921225 0.636186901042545 650
"977" 21 28 720 0.136392129778583 0.479424105767383 750
"978" 21 29 840 0.18049738192536 0.417542828752681 850
"979" 21 30 960 0.115969889933105 0.377595088252464 950
"980" 21 31 1080 -0.0102639198662387 0.225084578825672 1050
"981" 21 32 1200 -0.0123822492962716 0.237585467036744 1250
"982" 21 33 1320 -0.153770710068942 -0.116159765985698 1350
"983" 21 34 1440 0.044897539623472 -0.160570781517987 1450
"984" 21 35 1560 0.250495861643434 -0.180987696545643 1550
"985" 21 36 1680 0.11873749643328 -0.137889507078316 1650
"986" 21 37 1800 0.124531265440023 -0.0724086378193465 1850
"987" 21 38 1920 0.280157905628603 -0.0847201221984744 1950
"988" 21 39 2040 0.0542314768234512 0.203416059182457 2050
"989" 21 40 2160 0.45342365396033 0.345381065442306 2150
"990" 21 41 2280 0.512113891771535 0.290441133706291 2250
"991" 21 42 2400 0.53124663178049 0.389415795631007 2450
"992" 21 43 2520 0.343288927980591 0.448732857385132 2550
"993" 21 44 2640 0.168696451888593 0.360938202721971 2650
"994" 21 45 2760 -0.0547620550734167 0.0675508245738535 2750
"995" 21 46 2880 0.0962424382889402 -0.00154010343425038 2850
"996" 21 47 3000 -0.338970022610952 0.0130569765081071 3050
"997" 21 48 3120 -0.38985090192333 0.133562187809601 3150
"998" 21 49 3240 -0.351263047761053 0.306140021747813 3250
"999" 21 50 3360 -0.343252702780855 0.736419071953668 3350
"1000" 21 51 3480 -0.240314917533496 0.641020798441168 3450
"1001" 21 52 3600 -0.303384786930811 0.2602742506756 3650
"1002" 21 53 3720 -0.27944566928462 0.209110879017866 3750
"1003" 21 54 3840 -0.169415552888852 -0.0494833986866649 3850
"1004" 21 55 3960 0.139442904963765 -0.153445689127244 3950
"1005" 21 56 4080 -0.0498622558563083 -0.0878189285336017 4050
"1006" 21 57 4200 0.128518031069217 -0.107188781835525 4250
"1007" 21 58 4320 0.275739361191435 -0.0919099294485083 4350
"1008" 21 59 4440 0.356342428539849 -0.0850380526984269 4450
"1009" 22 23 60 0.904707398651359 0.874413643136138 50
"1010" 22 24 180 0.889694781243175 0.72844734482852 150
"1011" 22 25 300 0.751378251257186 0.28246229921171 350
"1012" 22 26 420 0.536237912225962 0.205169126256409 450
"1013" 22 27 540 0.404405304057324 0.33110767807423 550
"1014" 22 28 660 0.264780979088228 0.440589590331054 650
"1015" 22 29 780 0.312625628343969 0.470033844644633 750
"1016" 22 30 900 0.292562598784965 0.396214330539079 950
"1017" 22 31 1020 0.210427586301677 0.0731483262598528 1050
"1018" 22 32 1140 0.139693591754275 -0.0459007569714312 1150
"1019" 22 33 1260 0.0147107824837275 -0.0562949393040085 1250
"1020" 22 34 1380 0.108169284105472 -0.115386466399453 1350
"1021" 22 35 1500 0.30608614609525 -0.134705825765633 1550
"1022" 22 36 1620 0.350850097509129 -0.215119983767375 1650
"1023" 22 37 1740 0.276914697164773 -0.169540807299239 1750
"1024" 22 38 1860 0.390555322699175 -0.175776317312097 1850
"1025" 22 39 1980 0.203902945454587 -0.0933689811402626 1950
"1026" 22 40 2100 0.146979417416321 -0.114589979725006 2150
"1027" 22 41 2220 0.252575503807025 -0.100195556498728 2250
"1028" 22 42 2340 0.345369129558115 -0.0665209780054226 2350
"1029" 22 43 2460 0.237376225661277 -0.0948104690231712 2450
"1030" 22 44 2580 -0.010553879602321 -0.104027925363687 2550
"1031" 22 45 2700 -0.217894674321861 0.0126156087190199 2750
"1032" 22 46 2820 -0.217345890035353 0.143755511367039 2850
"1033" 22 47 2940 -0.41837507451111 0.739153580787571 2950
"1034" 22 48 3060 -0.525284357535419 0.642559876584523 3050
"1035" 22 49 3180 -0.567943470627373 0.608381725675642 3150
"1036" 22 50 3300 -0.393509362845983 0.725834824021707 3350
"1037" 22 51 3420 -0.366762017397466 -0.068165740071319 3450
"1038" 22 52 3540 -0.214805810881498 0.00351068569553108 3550
"1039" 22 53 3660 -0.360713155398685 -0.286250126023413 3650
"1040" 22 54 3780 -0.31639096561369 -0.108807560395397 3750
"1041" 22 55 3900 -0.213241638398192 -0.0738792847067492 3950
"1042" 22 56 4020 -0.0704319237708737 0.0394737880959436 4050
"1043" 22 57 4140 0.0218436514239923 -0.00209835320281277 4150
"1044" 22 58 4260 0.046224630231126 0.026049616947334 4250
"1045" 22 59 4380 -0.0942808748008376 0.0351222152805514 4350
"1046" 23 24 120 0.938193239710078 0.942819463780662 150
"1047" 23 25 240 0.86633008652296 0.867999549345741 250
"1048" 23 26 360 0.742278186430226 0.720095936499965 350
"1049" 23 27 480 0.569297809374028 0.577770626644884 450
"1050" 23 28 600 0.47177986473943 0.665284641743928 650
"1051" 23 29 720 0.418678812348756 0.303395940006352 750
"1052" 23 30 840 0.299251962079574 0.403585961335825 850
"1053" 23 31 960 0.107319729102239 0.271811264264219 950
"1054" 23 32 1080 0.0941987411448691 0.221329115373497 1050
"1055" 23 33 1200 -0.061884187529558 -0.129512821211623 1250
"1056" 23 34 1320 0.0839960820286589 -0.180609414254924 1350
"1057" 23 35 1440 0.184650264433949 -0.136124032754074 1450
"1058" 23 36 1560 0.0871068970713558 -0.182473437387898 1550
"1059" 23 37 1680 0.13250855784645 -0.0976725942129489 1650
"1060" 23 38 1800 0.319565035231501 -0.123867164107472 1850
"1061" 23 39 1920 0.160156495337662 0.149431887016278 1950
"1062" 23 40 2040 0.421243188126542 0.200406730700963 2050
"1063" 23 41 2160 0.450621651223474 0.185636749164758 2150
"1064" 23 42 2280 0.446931170205376 0.322370334776313 2250
"1065" 23 43 2400 0.336978383462318 0.331369801571671 2450
"1066" 23 44 2520 0.213326605590535 0.336594208077469 2550
"1067" 23 45 2640 -0.0138081995395387 0.176129852678929 2650
"1068" 23 46 2760 0.252918399711346 0.123063985629904 2750
"1069" 23 47 2880 -0.0380670299711971 0.23470748207648 2850
"1070" 23 48 3000 -0.113704812489984 0.20354864252256 3050
"1071" 23 49 3120 -0.037536507331467 0.225685930784707 3150
"1072" 23 50 3240 0.093637559450961 0.324634583808687 3250
"1073" 23 51 3360 -0.00756842411692319 0.467167442167265 3350
"1074" 23 52 3480 0.163620007899048 0.159186253559421 3450
"1075" 23 53 3600 0.180321655494739 0.172832690383057 3650
"1076" 23 54 3720 0.24247497710292 -0.246739883401338 3750
"1077" 23 55 3840 0.22204802951627 -0.144979055262271 3850
"1078" 23 56 3960 0.231524818747771 -0.128020912855298 3950
"1079" 23 57 4080 0.300999427792692 -0.16098277254974 4050
"1080" 23 58 4200 0.394933430349592 -0.153028778972677 4250
"1081" 23 59 4320 0.322715795935181 -0.132462252715032 4350
"1082" 24 25 120 0.928288817951419 0.904556694040486 150
"1083" 24 26 240 0.788907738714461 0.812658181792363 250
"1084" 24 27 360 0.672108962879444 0.830394889531822 350
"1085" 24 28 480 0.514210289921125 0.829949294266855 450
"1086" 24 29 600 0.405022844906566 0.436695505459354 650
"1087" 24 30 720 0.370907371755298 0.593753973451922 750
"1088" 24 31 840 0.237916911249074 0.322348541100059 850
"1089" 24 32 960 0.19036946720994 0.230771296348446 950
"1090" 24 33 1080 0.117134815393838 -0.0848806382043059 1050
"1091" 24 34 1200 0.0698555177245345 -0.135065159395212 1250
"1092" 24 35 1320 0.262814419033557 -0.00625703301109205 1350
"1093" 24 36 1440 0.369177682109575 -0.136523232083514 1450
"1094" 24 37 1560 0.3441675647113 -0.0765566635003299 1550
"1095" 24 38 1680 0.428507325233435 -0.0170359074691843 1650
"1096" 24 39 1800 0.286676439326729 0.139524681044137 1850
"1097" 24 40 1920 0.259188176390234 0.265684726155669 1950
"1098" 24 41 2040 0.346683025038839 0.23333625854204 2050
"1099" 24 42 2160 0.270394756785707 0.429242624052891 2150
"1100" 24 43 2280 0.258972684189239 0.44414116721399 2250
"1101" 24 44 2400 0.111126992633798 0.45203302381183 2450
"1102" 24 45 2520 -0.107318060544678 0.09850389794026 2550
"1103" 24 46 2640 0.0166769304058695 0.155770572801932 2650
"1104" 24 47 2760 -0.0857845377866478 0.133224023591989 2750
"1105" 24 48 2880 -0.179591355022053 0.116231396549646 2850
"1106" 24 49 3000 -0.192537510165468 0.138293414874698 3050
"1107" 24 50 3120 -0.0912093052664687 0.327717320469488 3150
"1108" 24 51 3240 -0.273750143424829 0.328591227578467 3250
"1109" 24 52 3360 0.018207898826425 -0.404938345395222 3350
"1110" 24 53 3480 -0.0297177899482058 -0.446693416269813 3450
"1111" 24 54 3600 -0.0289913670216081 -0.422454682035689 3650
"1112" 24 55 3720 -0.143622534124884 -0.14908864273054 3750
"1113" 24 56 3840 -0.0222421405680076 -0.123741039142756 3850
"1114" 24 57 3960 -0.0873850105669603 -0.0747537548311078 3950
"1115" 24 58 4080 0.0684743785622586 -0.0399784756694698 4050
"1116" 24 59 4200 0.114159280981946 -6.01709475356554e-05 4250
"1117" 25 26 120 0.927835122995863 0.913512149192392 150
"1118" 25 27 240 0.86326259819386 0.76313253831411 250
"1119" 25 28 360 0.709780331854912 0.871379972499667 350
"1120" 25 29 480 0.650558811764994 0.473612158442446 450
"1121" 25 30 600 0.586229663232539 0.540608208159387 650
"1122" 25 31 720 0.481925743642593 0.339188650866692 750
"1123" 25 32 840 0.440764432459823 0.232717292881065 850
"1124" 25 33 960 0.223116840606455 -0.0145697342599393 950
"1125" 25 34 1080 0.304133497157219 -0.165844403473992 1050
"1126" 25 35 1200 0.416133830464963 0.0391173533887369 1250
"1127" 25 36 1320 0.5405615141466 -0.102919067014845 1350
"1128" 25 37 1440 0.520545076576409 -0.127668669483671 1450
"1129" 25 38 1560 0.554572526606124 -0.12343934582719 1550
"1130" 25 39 1680 0.402624902650575 0.0439339930910713 1650
"1131" 25 40 1800 0.452213135016833 0.178181347401243 1850
"1132" 25 41 1920 0.388647306192325 0.139547132740388 1950
"1133" 25 42 2040 0.411176166873774 0.178462874458344 2050
"1134" 25 43 2160 0.198687463638545 0.0633229058195468 2150
"1135" 25 44 2280 0.197966122928842 0.128813464838288 2250
"1136" 25 45 2400 -0.00953157757842902 0.155915464885131 2450
"1137" 25 46 2520 0.252447301259109 0.0933734309699013 2550
"1138" 25 47 2640 0.123468345902866 0.396381762999695 2650
"1139" 25 48 2760 -0.158067536707686 0.158642667500381 2750
"1140" 25 49 2880 -0.211229045158901 0.082805493479608 2850
"1141" 25 50 3000 -0.0754020786371851 0.149630448165407 3050
"1142" 25 51 3120 0.0326331802327755 0.343141741360375 3150
"1143" 25 52 3240 0.187741386806533 0.0346201185553139 3250
"1144" 25 53 3360 0.0799622089886138 0.0998962557221213 3350
"1145" 25 54 3480 0.167354634733223 -0.334519237049284 3450
"1146" 25 55 3600 -0.000647945879620878 -0.146101651648664 3650
"1147" 25 56 3720 0.164499829420872 -0.160669521618114 3750
"1148" 25 57 3840 0.175821804108212 -0.194831401048065 3850
"1149" 25 58 3960 0.223545400616367 -0.178870857785774 3950
"1150" 25 59 4080 0.0321110485804429 -0.148486330219457 4050
"1151" 26 27 120 0.954355003295953 0.968255533142347 150
"1152" 26 28 240 0.830664733118391 0.886633107174722 250
"1153" 26 29 360 0.752975787242837 0.593337168171946 350
"1154" 26 30 480 0.645666924514077 0.499553131973395 450
"1155" 26 31 600 0.443074295460178 0.361758263660788 650
"1156" 26 32 720 0.356565826826378 0.241809234516213 750
"1157" 26 33 840 0.229174595756122 -0.0653882382793424 850
"1158" 26 34 960 0.232100045502435 -0.110159093800895 950
"1159" 26 35 1080 0.295276281256594 0.064690644532702 1050
"1160" 26 36 1200 0.403735964592471 -0.138847891923043 1250
"1161" 26 37 1320 0.293720604561675 -0.149305850278765 1350
"1162" 26 38 1440 0.282884705173654 -0.101390443780083 1450
"1163" 26 39 1560 0.172998546699721 -0.0452517950626126 1550
"1164" 26 40 1680 0.449359417503619 0.103796182830114 1650
"1165" 26 41 1800 0.430248871843399 0.0887965742491178 1850
"1166" 26 42 1920 0.415994212643633 0.142117171859273 1950
"1167" 26 43 2040 0.253419711338807 -0.0290902746295898 2050
"1168" 26 44 2160 0.24488490399044 -0.143282001047632 2150
"1169" 26 45 2280 -0.0165002719438306 -0.0200521624324473 2250
"1170" 26 46 2400 0.289254396066987 -0.0227966029728895 2450
"1171" 26 47 2520 0.138085836082289 0.238341824048475 2550
"1172" 26 48 2640 0.105321890408039 0.00912143153729574 2650
"1173" 26 49 2760 0.116437338125525 -0.0393010488057973 2750
"1174" 26 50 2880 0.180145547486556 0.182974585607214 2850
"1175" 26 51 3000 0.128039159084126 0.174208360239072 3050
"1176" 26 52 3120 0.186627115960158 -0.183920858992272 3150
"1177" 26 53 3240 0.290291761223426 -0.286082708078549 3250
"1178" 26 54 3360 0.28729972521984 -0.388643518795014 3350
"1179" 26 55 3480 0.0492134126761951 0.0136250149056751 3450
"1180" 26 56 3600 0.00841302956672808 -0.106775755718086 3650
"1181" 26 57 3720 -0.0211038806771716 -0.134050473776943 3750
"1182" 26 58 3840 -0.001488629461216 -0.114727335855651 3850
"1183" 26 59 3960 -0.153994111676532 -0.125700589930563 3950
"1184" 27 28 120 0.952950012983812 0.951556437442488 150
"1185" 27 29 240 0.877553979840673 0.73132805284368 250
"1186" 27 30 360 0.816582318938782 0.600628905473528 350
"1187" 27 31 480 0.6311549432202 0.446352009621283 450
"1188" 27 32 600 0.52982539854163 0.276971735038435 650
"1189" 27 33 720 0.341238802419705 -0.0127924830344907 750
"1190" 27 34 840 0.363675377181431 -0.0943067248416703 850
"1191" 27 35 960 0.379307729778215 0.0358458107000345 950
"1192" 27 36 1080 0.426377722418542 -0.118826708896084 1050
"1193" 27 37 1200 0.364578303951097 -0.132706918431522 1250
"1194" 27 38 1320 0.439512784442248 -0.0505277722913678 1350
"1195" 27 39 1440 0.167870161794222 0.137380703305733 1450
"1196" 27 40 1560 0.272586401286233 0.353155702918688 1550
"1197" 27 41 1680 0.207399600223789 0.187376892475423 1650
"1198" 27 42 1800 0.160312312736306 0.361865876011442 1850
"1199" 27 43 1920 -0.12453411443034 0.558550455739217 1950
"1200" 27 44 2040 0.00986202362596485 0.320640080677618 2050
"1201" 27 45 2160 -0.305103113825865 0.0226170299157362 2150
"1202" 27 46 2280 -0.120641894098781 0.0644699814322989 2250
"1203" 27 47 2400 -0.162685643378747 0.145937440950578 2450
"1204" 27 48 2520 -0.17485435893954 0.0731856240557689 2550
"1205" 27 49 2640 -0.165816990611271 0.14973365323965 2650
"1206" 27 50 2760 -0.0612927015601059 0.512636100235004 2750
"1207" 27 51 2880 -0.027699172416753 0.65180768542078 2850
"1208" 27 52 3000 0.00785830370140342 -0.140039498024249 3050
"1209" 27 53 3120 0.135692927678132 -0.315898978875989 3150
"1210" 27 54 3240 0.186644923875215 -0.218039639765093 3250
"1211" 27 55 3360 -0.0942925984789526 -0.0610090107115583 3350
"1212" 27 56 3480 -0.0790148291755677 -0.151177763819891 3450
"1213" 27 57 3600 -0.163910998219137 -0.182895537109635 3650
"1214" 27 58 3720 -0.141121926245395 -0.169818219216734 3750
"1215" 27 59 3840 -0.188880620768396 -0.152293558729324 3850
"1216" 28 29 120 0.957398626623238 0.839177558596007 150
"1217" 28 30 240 0.907308051234109 0.659606179447155 250
"1218" 28 31 360 0.798293868282656 0.486030622810482 350
"1219" 28 32 480 0.660523649432955 0.289089963241486 450
"1220" 28 33 600 0.60544069141933 0.0162963117957844 650
"1221" 28 34 720 0.538674448583229 -0.0560296723713738 750
"1222" 28 35 840 0.35762264530294 0.102219562491809 850
"1223" 28 36 960 0.477446607845967 -0.0880578467264446 950
"1224" 28 37 1080 0.371927331439633 -0.128937900861419 1050
"1225" 28 38 1200 0.341361809351598 -0.0755897667114787 1250
"1226" 28 39 1320 0.188569535013361 0.0649639772431851 1350
"1227" 28 40 1440 0.262576742664275 0.227643419581854 1450
"1228" 28 41 1560 0.240509184878908 0.0885681061711151 1550
"1229" 28 42 1680 0.200179443665973 0.260094962303527 1650
"1230" 28 43 1800 0.0203848388421104 0.427846654068547 1850
"1231" 28 44 1920 0.0182193956940082 0.278886141171687 1950
"1232" 28 45 2040 -0.153345545686721 0.125641305214786 2050
"1233" 28 46 2160 -0.20226367453407 0.27472005554457 2150
"1234" 28 47 2280 -0.286389736318544 0.488414270181335 2250
"1235" 28 48 2400 -0.283297985111856 0.206160988380804 2450
"1236" 28 49 2520 -0.321989502787865 0.314497142796514 2550
"1237" 28 50 2640 -0.372578676121295 0.747055646406478 2650
"1238" 28 51 2760 -0.24729211554083 0.66059438783086 2750
"1239" 28 52 2880 -0.192404130649809 -0.144262885310785 2850
"1240" 28 53 3000 -0.0332482804959176 -0.381028614622913 3050
"1241" 28 54 3120 -0.0183287577529232 -0.167635549862063 3150
"1242" 28 55 3240 -0.170522400538403 -0.150035016977489 3250
"1243" 28 56 3360 -0.0286159127396252 -0.193984202488192 3350
"1244" 28 57 3480 -0.0712834492668547 -0.231238960645578 3450
"1245" 28 58 3600 -0.0196490364302058 -0.228709068232896 3650
"1246" 28 59 3720 0.0110924641065111 -0.223221988848537 3750
"1247" 29 30 120 0.978871693852287 0.864616140955249 150
"1248" 29 31 240 0.919022879812944 0.578137789450826 250
"1249" 29 32 360 0.817168681189597 0.268593183983841 350
"1250" 29 33 480 0.671982273247779 0.118318146215031 450
"1251" 29 34 600 0.657867906105558 -0.022682212627836 650
"1252" 29 35 720 0.439590436999001 0.0678607102445002 750
"1253" 29 36 840 0.382798435621948 -0.0572748423931764 850
"1254" 29 37 960 0.279804937161056 -0.0421260805983688 950
"1255" 29 38 1080 0.329800048164605 0.0247909509769605 1050
"1256" 29 39 1200 0.0914215130901322 0.187313968183467 1250
"1257" 29 40 1320 0.176861967038686 0.368715865602108 1350
"1258" 29 41 1440 0.11885168433444 0.207620994194709 1450
"1259" 29 42 1560 0.189339913023554 0.371399429912256 1550
"1260" 29 43 1680 0.101411026250455 0.584630497450455 1650
"1261" 29 44 1800 0.0978322566119346 0.274233720701976 1850
"1262" 29 45 1920 -0.0560244578419062 0.137990905766563 1950
"1263" 29 46 2040 -0.0297078651990856 0.245821173751974 2050
"1264" 29 47 2160 -0.103958344131443 0.382484000004146 2150
"1265" 29 48 2280 -0.107397917846151 0.0631939382471345 2250
"1266" 29 49 2400 -0.131306928987231 0.133395234865153 2450
"1267" 29 50 2520 -0.116842859142458 0.46751317843074 2550
"1268" 29 51 2640 -0.0607558715109647 0.734268144347575 2650
"1269" 29 52 2760 -0.0896847159101413 0.422680690122161 2750
"1270" 29 53 2880 -9.80568392004403e-05 -0.0854707071579345 2850
"1271" 29 54 3000 0.0745413574012383 0.0813392045682637 3050
"1272" 29 55 3120 -0.0518237801011653 -0.188083528026891 3150
"1273" 29 56 3240 0.0349569776799659 -0.219372310923304 3250
"1274" 29 57 3360 0.0303746980722836 -0.293649159367348 3350
"1275" 29 58 3480 0.0367148703745875 -0.29318511585366 3450
"1276" 29 59 3600 0.0107592965046112 -0.309453217733367 3650
"1277" 30 31 120 0.963986765497147 0.828280904878316 150
"1278" 30 32 240 0.882302550316932 0.652370877644857 250
"1279" 30 33 360 0.772610754264922 0.483211265631822 350
"1280" 30 34 480 0.718683982906084 0.341887229453526 450
"1281" 30 35 600 0.51276668001884 0.290218633523061 650
"1282" 30 36 720 0.368667014409301 0.170258438492831 750
"1283" 30 37 840 0.231610082089611 -0.0461900258241718 850
"1284" 30 38 960 0.379756435336999 -0.0398749788346725 950
"1285" 30 39 1080 0.146569756894069 -0.0589339684917859 1050
"1286" 30 40 1200 0.181108765146572 0.147288367075157 1250
"1287" 30 41 1320 0.0970361317403792 0.0185597101945751 1350
"1288" 30 42 1440 0.104952603514664 0.280567416031796 1450
"1289" 30 43 1560 0.103302647436734 0.282912578534457 1550
"1290" 30 44 1680 0.127819313646873 0.0582234304226242 1650
"1291" 30 45 1800 -0.0842754169789621 0.16494216013955 1850
"1292" 30 46 1920 0.0255230801707439 0.397713940019877 1950
"1293" 30 47 2040 -0.104308566383386 0.561626224248711 2050
"1294" 30 48 2160 -0.170045311245457 -0.199115202943352 2150
"1295" 30 49 2280 -0.312792737049117 -0.244583325561828 2250
"1296" 30 50 2400 -0.219269255117027 -0.101392517497841 2450
"1297" 30 51 2520 -0.206749635684966 -0.0303789741671028 2550
"1298" 30 52 2640 -0.088547415362113 -0.134338249760805 2650
"1299" 30 53 2760 -0.100887201117357 -0.291512683253965 2750
"1300" 30 54 2880 -0.0966302002806421 -0.295886255147402 2850
"1301" 30 55 3000 -0.281557454402736 0.0514347049370342 3050
"1302" 30 56 3120 -0.024209212583548 0.198088988047696 3150
"1303" 30 57 3240 -0.0554501484128653 0.21216000118215 3250
"1304" 30 58 3360 -0.08536726114891 0.244802750428277 3350
"1305" 30 59 3480 -0.118800733035165 0.239849102306696 3450
"1306" 31 32 120 0.958746844271292 0.917665488979802 150
"1307" 31 33 240 0.892536184526526 0.802569053285562 250
"1308" 31 34 360 0.823204309763298 0.559930392693655 350
"1309" 31 35 480 0.728541453281311 0.435238647186147 450
"1310" 31 36 600 0.622383436309188 0.257883397929081 650
"1311" 31 37 720 0.548006142904262 -0.0279929252703726 750
"1312" 31 38 840 0.616569831191921 -0.0795797197773154 850
"1313" 31 39 960 0.216662878153951 -0.0437678945862491 950
"1314" 31 40 1080 0.223426769009546 -0.0322252537270655 1050
"1315" 31 41 1200 0.198455142886014 -0.141689814063813 1250
"1316" 31 42 1320 0.218894113847313 -0.0225500476343093 1350
"1317" 31 43 1440 0.0571436381192816 0.032271613046614 1450
"1318" 31 44 1560 0.181623819142116 -0.0519926018083066 1550
"1319" 31 45 1680 -0.0347382456397881 0.0633868918904454 1650
"1320" 31 46 1800 0.117181305433849 0.0693657027297007 1850
"1321" 31 47 1920 0.0291553304387304 0.0840424018902988 1950
"1322" 31 48 2040 0.00686169141950388 -0.282024150365191 2050
"1323" 31 49 2160 -0.105189125798763 -0.253090604933389 2150
"1324" 31 50 2280 -0.0230144028739529 -0.186688514647827 2250
"1325" 31 51 2400 -0.107176353201828 -0.00164573189334434 2450
"1326" 31 52 2520 -0.0689744657227062 -0.0552411716518865 2550
"1327" 31 53 2640 -0.114789103005196 -0.324431940301175 2650
"1328" 31 54 2760 -0.0892059199045679 -0.254276537577194 2750
"1329" 31 55 2880 -0.337019254414566 0.440450303773852 2850
"1330" 31 56 3000 -0.143384034081595 0.300961784138687 3050
"1331" 31 57 3120 -0.202586254814918 0.145027658029818 3150
"1332" 31 58 3240 -0.268131997580959 0.0417708589975887 3250
"1333" 31 59 3360 -0.344402700802794 -0.024628426168642 3350
"1334" 32 33 120 0.952215123719215 0.920344665848993 150
"1335" 32 34 240 0.890792101816982 0.772121526509618 250
"1336" 32 35 360 0.767593536431289 0.540741060435471 350
"1337" 32 36 480 0.519019689072729 0.377122398726363 450
"1338" 32 37 600 0.469751654508686 0.088123603498676 650
"1339" 32 38 720 0.504074975619803 0.0527853836071754 750
"1340" 32 39 840 0.237228792001662 0.0338356342677607 850
"1341" 32 40 960 0.206328609959479 0.102497464003973 950
"1342" 32 41 1080 0.188327771375708 0.0320765021013978 1050
"1343" 32 42 1200 0.136386308431573 0.162271798182208 1250
"1344" 32 43 1320 0.00496197136731976 0.124001859577012 1350
"1345" 32 44 1440 0.259214850116731 0.0747072052725078 1450
"1346" 32 45 1560 -0.0574224934749179 -0.0194461652998259 1550
"1347" 32 46 1680 0.263370393902338 -0.128952175347192 1650
"1348" 32 47 1800 0.248566100259813 -0.244661637666649 1850
"1349" 32 48 1920 0.107979580612646 -0.388807277587916 1950
"1350" 32 49 2040 0.0250092257797415 -0.295967589547461 2050
"1351" 32 50 2160 0.21899175635666 -0.220453890236789 2150
"1352" 32 51 2280 0.175378998884995 -0.0185921833265344 2250
"1353" 32 52 2400 0.216961094811309 -0.0764803137221312 2450
"1354" 32 53 2520 0.0154805156607985 -0.281763538262163 2550
"1355" 32 54 2640 0.0421544496147524 -0.190298354677933 2650
"1356" 32 55 2760 -0.108652443435818 0.43821521183957 2750
"1357" 32 56 2880 0.0348001323758341 0.477513752410491 2850
"1358" 32 57 3000 0.0884786500399871 0.377976627180461 3050
"1359" 32 58 3120 0.0549106132586085 0.303421282789838 3150
"1360" 32 59 3240 -0.333376368795923 0.241951243472261 3250
"1361" 33 34 120 0.951647831113756 0.946055612684155 150
"1362" 33 35 240 0.899213081311703 0.716136143814909 250
"1363" 33 36 360 0.74825312533921 0.531123280081748 350
"1364" 33 37 480 0.666446454747145 0.219150606670496 450
"1365" 33 38 600 0.630760186218958 0.148942421648063 650
"1366" 33 39 720 0.417336934104492 0.0839734746272033 750
"1367" 33 40 840 0.18085619466414 0.155380420100493 850
"1368" 33 41 960 0.154746157594869 -0.022457057748887 950
"1369" 33 42 1080 0.0931796418295137 0.0241952669736631 1050
"1370" 33 43 1200 0.00113611077104981 0.125390691186884 1250
"1371" 33 44 1320 0.282981049681663 0.0928330001548787 1350
"1372" 33 45 1440 0.121358907453405 -0.00662319919024357 1450
"1373" 33 46 1560 0.199200531703051 -0.162281562457592 1550
"1374" 33 47 1680 0.190518115327601 -0.265680802335375 1650
"1375" 33 48 1800 0.17062139425271 -0.403189031505359 1850
"1376" 33 49 1920 0.0113023022342501 -0.297161596061416 1950
"1377" 33 50 2040 -0.0148298714511741 -0.208686804878356 2050
"1378" 33 51 2160 -0.400099978611341 0.104739237810366 2150
"1379" 33 52 2280 -0.17590771341423 0.0562039723470383 2250
"1380" 33 53 2400 -0.438887152549959 -0.0976667269709851 2450
"1381" 33 54 2520 -0.285536359097558 -0.117838598324237 2550
"1382" 33 55 2640 -0.601668290902775 0.314324750931647 2650
"1383" 33 56 2760 -0.604070253529859 0.260958683515192 2750
"1384" 33 57 2880 -0.643520262769992 0.122135495375121 2850
"1385" 33 58 3000 -0.64435838737178 0.0540353055134937 3050
"1386" 33 59 3120 -0.644951888205188 -0.00936512243670721 3150
"1387" 34 35 120 0.974374573330486 0.933716085975115 150
"1388" 34 36 240 0.861760480005228 0.829187315228521 250
"1389" 34 37 360 0.773599519167658 0.710814489897694 350
"1390" 34 38 480 0.723996142826029 0.580088327027185 450
"1391" 34 39 600 0.435682478580513 0.329561975518923 650
"1392" 34 40 720 0.245810677068881 0.616022288133996 750
"1393" 34 41 840 0.195769577571048 0.328281366512955 850
"1394" 34 42 960 0.213155768187255 0.317593855347235 950
"1395" 34 43 1080 0.14093299361552 0.405976068742375 1050
"1396" 34 44 1200 0.388406816635317 0.312388823572881 1250
"1397" 34 45 1320 0.215708373699554 -0.0280667309356542 1350
"1398" 34 46 1440 0.26884252840845 -0.15643684466114 1450
"1399" 34 47 1560 0.244937446181566 -0.243282340731372 1550
"1400" 34 48 1680 0.158288465402081 -0.352525483133768 1650
"1401" 34 49 1800 0.0228172360593603 -0.134673995188173 1850
"1402" 34 50 1920 -0.0720633548911682 0.190552851065114 1950
"1403" 34 51 2040 -0.248406887271819 0.0463237352599344 2050
"1404" 34 52 2160 -0.117867289158564 -0.00287486244616392 2150
"1405" 34 53 2280 -0.287667014779771 -0.087681131076823 2250
"1406" 34 54 2400 -0.100267583358959 0.0337064125413111 2450
"1407" 34 55 2520 -0.503749316988865 0.231617257009591 2550
"1408" 34 56 2640 -0.444164492001932 0.416670258675407 2650
"1409" 34 57 2760 -0.42529522442339 0.43816752703333 2750
"1410" 34 58 2880 -0.432467886450885 0.446496206486469 2850
"1411" 34 59 3000 -0.640336404480035 0.416548022532289 3050
"1412" 35 36 120 0.945335894642908 0.945966289494914 150
"1413" 35 37 240 0.875109627976197 0.847594259826009 250
"1414" 35 38 360 0.83677701369754 0.744065322854178 350
"1415" 35 39 480 0.668525646192221 0.457714932882533 450
"1416" 35 40 600 0.33393686226722 0.714075804428888 650
"1417" 35 41 720 0.312918538378832 0.35359274664298 750
"1418" 35 42 840 0.211236821298697 0.533872752838941 850
"1419" 35 43 960 0.00200991685707387 0.64600029831217 950
"1420" 35 44 1080 0.151992890424619 0.480387407671736 1050
"1421" 35 45 1200 0.000260737242765212 0.126364634652229 1250
"1422" 35 46 1320 0.0178595617266912 -0.0828361895108357 1350
"1423" 35 47 1440 0.013409006258689 -0.214306987454655 1450
"1424" 35 48 1560 -0.0560517304998777 -0.300464304185654 1550
"1425" 35 49 1680 -0.0955858762494106 -0.148068281564931 1650
"1426" 35 50 1800 -0.154381861412218 -0.00314291642850685 1850
"1427" 35 51 1920 -0.38265622107816 0.123765817168332 1950
"1428" 35 52 2040 -0.234310483831805 -0.00180264720728258 2050
"1429" 35 53 2160 -0.347202590901911 -0.122835091125863 2150
"1430" 35 54 2280 -0.152256198708663 -0.051907126679413 2250
"1431" 35 55 2400 -0.360253840120957 0.157333283617568 2450
"1432" 35 56 2520 -0.345275398454325 0.342633569550384 2550
"1433" 35 57 2640 -0.409580281802977 0.400700284312087 2650
"1434" 35 58 2760 -0.438527383207667 0.415281819097819 2750
"1435" 35 59 2880 -0.58138742818379 0.401009061530115 2850
"1436" 36 37 120 0.958029609804237 0.907416726734883 150
"1437" 36 38 240 0.889681907201357 0.77446529866639 250
"1438" 36 39 360 0.615946538801787 0.497736508335557 350
"1439" 36 40 480 0.369452730705548 0.523271836290096 450
"1440" 36 41 600 0.347765367679171 0.383256383724957 650
"1441" 36 42 720 0.281493398512672 0.561068913603034 750
"1442" 36 43 840 0.227283920330913 0.442662285943967 850
"1443" 36 44 960 0.34858776693717 0.368807014537091 950
"1444" 36 45 1080 0.236221070236083 0.0500031674144911 1050
"1445" 36 46 1200 0.0800737424066469 -0.081977466120083 1250
"1446" 36 47 1320 0.0702700133127104 -0.193464481815701 1350
"1447" 36 48 1440 -0.00855362796523704 -0.305559828863462 1450
"1448" 36 49 1560 -0.15590460925035 -0.0894011821085644 1550
"1449" 36 50 1680 -0.316561284813883 0.13985533505152 1650
"1450" 36 51 1800 -0.26220771267584 0.162971725191437 1850
"1451" 36 52 1920 -0.244177236873387 0.180244139322458 1950
"1452" 36 53 2040 -0.348104306553005 0.0264009357380727 2050
"1453" 36 54 2160 -0.25623804486847 -0.0167565799605291 2150
"1454" 36 55 2280 -0.417621575370371 -0.0874208924031915 2250
"1455" 36 56 2400 -0.359431960402118 0.376358742006366 2450
"1456" 36 57 2520 -0.3614396264181 0.441849479562603 2550
"1457" 36 58 2640 -0.354857235207054 0.445141064726574 2650
"1458" 36 59 2760 -0.51159788239406 0.430605685058146 2750
"1459" 37 38 120 0.941473000764983 0.953348862698285 150
"1460" 37 39 240 0.812301384523707 0.801068284283677 250
"1461" 37 40 360 0.459127963727371 0.693386754649992 350
"1462" 37 41 480 0.42563840760853 0.547525919366517 450
"1463" 37 42 600 0.323696237708429 0.640555735766862 650
"1464" 37 43 720 0.183318463814812 0.487769854054592 750
"1465" 37 44 840 0.336851125561415 0.426170858091723 850
"1466" 37 45 960 0.230185381421187 0.00694624809869312 950
"1467" 37 46 1080 0.134639026397601 -0.0717034808833831 1050
"1468" 37 47 1200 0.0708515727156347 -0.206799536810883 1250
"1469" 37 48 1320 0.0054809023031786 -0.241100730993347 1350
"1470" 37 49 1440 -0.108929314028543 -0.0611091352300436 1450
"1471" 37 50 1560 -0.338700078483432 0.17674181323563 1550
"1472" 37 51 1680 -0.113255416421579 0.238653224229838 1650
"1473" 37 52 1800 -0.253459084163402 0.245182136085567 1850
"1474" 37 53 1920 -0.206257370694091 -0.0370809443977348 1950
"1475" 37 54 2040 -0.188698120819828 0.0923768659371094 2050
"1476" 37 55 2160 -0.237641097883195 -0.0706523898220156 2150
"1477" 37 56 2280 -0.207878439664558 0.42370446293831 2250
"1478" 37 57 2400 -0.258441294998193 0.559431498817813 2450
"1479" 37 58 2520 -0.255481945093627 0.587808762821643 2550
"1480" 37 59 2640 -0.497921703272366 0.583554969406329 2650
"1481" 38 39 120 0.941659052593831 0.927501179338548 150
"1482" 38 40 240 0.867304562946499 0.846980681610892 250
"1483" 38 41 360 0.818977665540633 0.800896144937531 350
"1484" 38 42 480 0.757168088206767 0.730228478851424 450
"1485" 38 43 600 0.645180201311282 0.490091583261884 650
"1486" 38 44 720 0.586241540659712 0.428052765158228 750
"1487" 38 45 840 0.422932377669198 -0.0350310783784929 850
"1488" 38 46 960 0.428534767107428 -0.137918540048521 950
"1489" 38 47 1080 0.392438042512128 -0.244199468586238 1050
"1490" 38 48 1200 0.325316128543459 -0.113742465793211 1250
"1491" 38 49 1320 0.0752773537878692 0.138181599667762 1350
"1492" 38 50 1440 -0.0863811182403539 0.204283838601894 1450
"1493" 38 51 1560 -0.160209030141225 0.160914771800507 1550
"1494" 38 52 1680 -0.257006725973216 -0.0255375355690162 1650
"1495" 38 53 1800 -0.354186798902541 -0.0806603246010607 1850
"1496" 38 54 1920 -0.201735798660489 -0.135400167649769 1950
"1497" 38 55 2040 -0.429050260953556 -0.246636322218199 2050
"1498" 38 56 2160 -0.364200636077963 0.285826803763409 2150
"1499" 38 57 2280 -0.400211835407511 0.400987782782627 2250
"1500" 38 58 2400 -0.368421445201085 0.457555983527394 2450
"1501" 38 59 2520 -0.550125451499068 0.483205069305859 2550
"1502" 39 40 120 0.949523681884686 0.951726583283982 150
"1503" 39 41 240 0.874806420057712 0.737729709678473 250
"1504" 39 42 360 0.792103767505647 0.76400215221408 350
"1505" 39 43 480 0.715018774329223 0.484584502620224 450
"1506" 39 44 600 0.677152795838676 0.3452608169297 650
"1507" 39 45 720 0.50112374156195 -0.0527908849602022 750
"1508" 39 46 840 0.490721707111385 -0.140044679597472 850
"1509" 39 47 960 0.416110112857271 -0.252811524454523 950
"1510" 39 48 1080 0.366370702281219 -0.0447589643629006 1050
"1511" 39 49 1200 0.139797521487562 0.143130702517074 1250
"1512" 39 50 1320 -0.0561444129444757 0.518899189762745 1350
"1513" 39 51 1440 0.113717866730987 0.464074331729838 1450
"1514" 39 52 1560 -0.0108993303263781 0.169183847273943 1550
"1515" 39 53 1680 -0.0382588326447182 -0.0649841191182174 1650
"1516" 39 54 1800 0.0700288220469123 -0.062690689800302 1850
"1517" 39 55 1920 -0.0744770262552128 -0.206508172184272 1950
"1518" 39 56 2040 0.0857627906203934 -0.340875209795352 2050
"1519" 39 57 2160 -0.06401751366438 -0.312179752095084 2150
"1520" 39 58 2280 -0.059275515860158 -0.174150200995666 2250
"1521" 39 59 2400 -0.158329326935698 -0.115863042784627 2450
"1522" 40 41 120 0.968825010627651 0.946718521055459 150
"1523" 40 42 240 0.920014296106667 0.864494230470831 250
"1524" 40 43 360 0.826200597712533 0.708249679420204 350
"1525" 40 44 480 0.642521911546533 0.598435970472473 450
"1526" 40 45 600 0.506812893993975 0.161936843366004 650
"1527" 40 46 720 0.537651029871208 -0.0152761923521997 750
"1528" 40 47 840 0.410872410453788 -0.17337106839498 850
"1529" 40 48 960 0.427091742352672 -0.0472762051794614 950
"1530" 40 49 1080 0.205411621338741 0.103636154483413 1050
"1531" 40 50 1200 0.0740304394961975 0.388597913698951 1250
"1532" 40 51 1320 0.100876571693178 0.594491266310103 1350
"1533" 40 52 1440 0.0375355221080023 0.206579541964345 1450
"1534" 40 53 1560 -0.0340950853224877 0.0485575515933638 1550
"1535" 40 54 1680 0.0589083428658549 0.156253914814934 1650
"1536" 40 55 1800 -0.00117699839217266 0.00161074610355909 1850
"1537" 40 56 1920 0.2194604809879 0.404357208975778 1950
"1538" 40 57 2040 0.133136770791917 0.501662052734046 2050
"1539" 40 58 2160 0.132082237054324 0.482023090251 2150
"1540" 40 59 2280 0.0812894529248745 0.532881604191743 2250
"1541" 41 42 120 0.983752062976115 0.965031856506251 150
"1542" 41 43 240 0.930225979990276 0.831487843050169 250
"1543" 41 44 360 0.774744733293651 0.736777199209093 350
"1544" 41 45 480 0.656969225609033 0.356350730717597 450
"1545" 41 46 600 0.626250923998544 0.205838072650722 650
"1546" 41 47 720 0.518344582843592 -0.0631911103511139 750
"1547" 41 48 840 0.513688648357912 -0.0419405224601261 850
"1548" 41 49 960 0.289777172190854 0.252045697276617 950
"1549" 41 50 1080 0.220406906039691 0.584640319827531 1050
"1550" 41 51 1200 0.263082826686688 0.534988311299882 1250
"1551" 41 52 1320 0.191531752552604 0.228218647147592 1350
"1552" 41 53 1440 0.0553081235275698 0.130562294730662 1450
"1553" 41 54 1560 0.150791160534857 0.210060031673032 1550
"1554" 41 55 1680 0.0583564959021361 0.0576202200505663 1650
"1555" 41 56 1800 0.239602037614735 0.421793445785217 1850
"1556" 41 57 1920 0.125649882881279 0.565418643210529 1950
"1557" 41 58 2040 0.101562176289481 0.556233953400478 2050
"1558" 41 59 2160 0.0894463162634958 0.550868158586711 2150
"1559" 42 43 120 0.967548957021011 0.947366554235966 150
"1560" 42 44 240 0.872371220075308 0.87870752246062 250
"1561" 42 45 360 0.804316014444657 0.702544992530489 350
"1562" 42 46 480 0.769902184173125 0.374546558941613 450
"1563" 42 47 600 0.726022203402799 0.0863430708864868 650
"1564" 42 48 720 0.736631111745428 -0.0162130881788771 750
"1565" 42 49 840 0.636022711587988 0.0970560363032689 850
"1566" 42 50 960 0.243947339042679 0.38502883859824 950
"1567" 42 51 1080 0.257988217791494 0.726244121722871 1050
"1568" 42 52 1200 0.26052153378816 0.299483043042553 1250
"1569" 42 53 1320 0.0585558531604654 0.203897070201825 1350
"1570" 42 54 1440 0.157079859029723 0.272814648538564 1450
"1571" 42 55 1560 0.0529410273460574 0.241067270991319 1550
"1572" 42 56 1680 0.205469249076921 0.607507068726558 1650
"1573" 42 57 1800 0.177790516316448 0.734757853517001 1850
"1574" 42 58 1920 0.177552418177522 0.704387529682565 1950
"1575" 42 59 2040 0.162999107109789 0.687524868232677 2050
"1576" 43 44 120 0.950199390099578 0.971191708223606 150
"1577" 43 45 240 0.910098222383961 0.913916979069582 250
"1578" 43 46 360 0.794919360062046 0.539450844702817 350
"1579" 43 47 480 0.757683447680377 0.190234662099769 450
"1580" 43 48 600 0.789199228355461 0.0099259191972243 650
"1581" 43 49 720 0.666667936728104 0.107768052469404 750
"1582" 43 50 840 0.25523341251868 0.407725275068665 850
"1583" 43 51 960 0.252530303091354 0.768110485270263 950
"1584" 43 52 1080 0.303778799666009 0.383949094333864 1050
"1585" 43 53 1200 -0.0212623023040036 0.412045846481095 1250
"1586" 43 54 1320 0.032339677967721 0.444015493992576 1350
"1587" 43 55 1440 -0.120033423936451 0.469876926194711 1450
"1588" 43 56 1560 0.00865698127099315 0.777770538801218 1550
"1589" 43 57 1680 0.0414981338656603 0.699543599568754 1650
"1590" 43 58 1800 0.0509257622319385 0.657736882683996 1850
"1591" 43 59 1920 0.123009524709418 0.685996968609424 1950
"1592" 44 45 120 0.976400134240143 0.955625096585906 150
"1593" 44 46 240 0.90785382766626 0.663034345957839 250
"1594" 44 47 360 0.870155346740017 0.333361158083818 350
"1595" 44 48 480 0.887573090257017 0.213843552212487 450
"1596" 44 49 600 0.790493470108382 0.275603317237712 650
"1597" 44 50 720 0.5976589106145 0.430830831557606 750
"1598" 44 51 840 0.47075330411329 0.698290451904599 850
"1599" 44 52 960 0.454619353083793 0.269286180618295 950
"1600" 44 53 1080 0.190922628216418 0.17128536132754 1050
"1601" 44 54 1200 0.176823707788296 0.135552279378056 1250
"1602" 44 55 1320 -0.0718891097794519 0.0568338990283644 1350
"1603" 44 56 1440 -0.0467213588280322 0.541094610195544 1450
"1604" 44 57 1560 0.0655798332636534 0.643351947441513 1550
"1605" 44 58 1680 0.0847920147168009 0.592989804227698 1650
"1606" 44 59 1800 0.134804433044097 0.639314545095858 1850
"1607" 45 46 120 0.933463516928721 0.910689977963971 150
"1608" 45 47 240 0.870503477189251 0.671147459482395 250
"1609" 45 48 360 0.84441438206977 0.378714994170478 350
"1610" 45 49 480 0.780256784138181 0.394694398433438 450
"1611" 45 50 600 0.596580304963078 0.426969007109765 650
"1612" 45 51 720 0.466586934090049 0.628949404355336 750
"1613" 45 52 840 0.471921988406118 0.438514547159641 850
"1614" 45 53 960 0.17872164717825 0.340537774949268 950
"1615" 45 54 1080 0.170777876584 0.156194432375202 1050
"1616" 45 55 1200 -0.114908328925408 0.0521011329765025 1250
"1617" 45 56 1320 -0.0165865927578902 0.065974273148058 1350
"1618" 45 57 1440 0.134183762129482 0.135003954279614 1450
"1619" 45 58 1560 0.133548913180031 0.0242574956469487 1550
"1620" 45 59 1680 0.139615236032708 -0.0460162004113159 1650
"1621" 46 47 120 0.976437140944705 0.884254800709131 150
"1622" 46 48 240 0.938420346423147 0.654160134116073 250
"1623" 46 49 360 0.868047161552106 0.5945006393715 350
"1624" 46 50 480 0.719403934303317 0.534192618336972 450
"1625" 46 51 600 0.631167950268543 0.435940562095978 650
"1626" 46 52 720 0.603795305152081 0.392598195039938 750
"1627" 46 53 840 0.388832002990327 0.277360552571196 850
"1628" 46 54 960 0.365948526867 0.124771119907683 950
"1629" 46 55 1080 0.113351264430989 -0.0371250172969033 1050
"1630" 46 56 1200 0.123859486647192 0.0413289361269555 1250
"1631" 46 57 1320 0.244473310100232 0.142264231579113 1350
"1632" 46 58 1440 0.276090593978286 -0.0464672516360852 1450
"1633" 46 59 1560 0.11469205534992 -0.0407934958182791 1550
"1634" 47 48 120 0.982809627631449 0.881631069353181 150
"1635" 47 49 240 0.937295092104574 0.788002467196254 250
"1636" 47 50 360 0.812970996992979 0.631066955218766 350
"1637" 47 51 480 0.722623480155476 0.31299682632867 450
"1638" 47 52 600 0.69347415518013 0.299912859444869 650
"1639" 47 53 720 0.486475242850952 0.134112890349057 750
"1640" 47 54 840 0.462543300822036 0.0340045410464905 850
"1641" 47 55 960 0.220783563623728 -0.152113089122837 950
"1642" 47 56 1080 0.228133612692578 -0.0494700437356322 1050
"1643" 47 57 1200 0.313687127749557 0.123233489768693 1250
"1644" 47 58 1320 0.318291971672513 -0.000837759747000673 1350
"1645" 47 59 1440 0.14570311452967 0.0300306390173523 1450
"1646" 48 49 120 0.976278685743021 0.949990176958569 150
"1647" 48 50 240 0.876440017085041 0.827136321114655 250
"1648" 48 51 360 0.776159346530493 0.344650864257606 350
"1649" 48 52 480 0.724784504913295 0.0504751365515206 450
"1650" 48 53 600 0.507235280639806 -0.00656891447111446 650
"1651" 48 54 720 0.42184400616874 -0.129681996889394 750
"1652" 48 55 840 0.216670817243244 -0.249839500311625 850
"1653" 48 56 960 0.163681395476663 -0.158605971483775 950
"1654" 48 57 1080 0.234116598202825 0.0745805071969289 1050
"1655" 48 58 1200 0.248192392919499 0.0628128218531769 1250
"1656" 48 59 1320 0.236522134803536 0.0548273091388774 1350
"1657" 49 50 120 0.949367422293627 0.938432523811484 150
"1658" 49 51 240 0.871032775865082 0.654843773232146 250
"1659" 49 52 360 0.786488272837903 0.259153633195393 350
"1660" 49 53 480 0.673967837657799 0.192227571031512 450
"1661" 49 54 600 0.570504979441212 -0.0171214697805864 650
"1662" 49 55 720 0.42251403464174 -0.225441320430492 750
"1663" 49 56 840 0.355321619170458 -0.160627672949078 850
"1664" 49 57 960 0.385766418942844 0.0571051943236241 950
"1665" 49 58 1080 0.385415769216739 0.0379171428200148 1050
"1666" 49 59 1200 0.347575422211176 0.0201606572598607 1250
"1667" 50 51 120 0.948526832394262 0.925341266026014 150
"1668" 50 52 240 0.893590178444114 0.676378163630377 250
"1669" 50 53 360 0.822432104119 0.522033071893498 350
"1670" 50 54 480 0.647412974273638 0.411484623332843 450
"1671" 50 55 600 0.617171851041184 -0.0966937524628207 650
"1672" 50 56 720 0.577015420334635 -0.0286709686365782 750
"1673" 50 57 840 0.536457521192996 0.0421412397713326 850
"1674" 50 58 960 0.5221826358632 -0.0109927263774226 950
"1675" 50 59 1080 0.500606575817267 -0.0711941546802405 1050
"1676" 51 52 120 0.969901586948536 0.910892246966593 150
"1677" 51 53 240 0.919212977761811 0.795017400235549 250
"1678" 51 54 360 0.811790017546043 0.677980784144637 350
"1679" 51 55 480 0.773146847116967 0.424370603514028 450
"1680" 51 56 600 0.741187504145022 0.353897446148755 650
"1681" 51 57 720 0.693676709294539 0.00704149062495999 750
"1682" 51 58 840 0.697012370986702 -0.266137450702018 850
"1683" 51 59 960 0.555331240238828 -0.331515913081994 950
"1684" 52 53 120 0.978072646629981 0.918516756393975 150
"1685" 52 54 240 0.922443453146482 0.831352927753271 250
"1686" 52 55 360 0.832392374116209 0.611667137409195 350
"1687" 52 56 480 0.760279929365398 0.271444609807339 450
"1688" 52 57 600 0.699760827159405 0.0168667587548445 650
"1689" 52 58 720 0.667730909379418 -0.148482600163492 750
"1690" 52 59 840 0.412535811729983 -0.210343115080033 850
"1691" 53 54 120 0.979862769400166 0.92993394205625 150
"1692" 53 55 240 0.931815777979329 0.568783411410361 250
"1693" 53 56 360 0.888035935256798 0.281811514167338 350
"1694" 53 57 480 0.815179226891206 -0.0842590093061198 450
"1695" 53 58 600 0.785076097665224 -0.152823193602771 650
"1696" 53 59 720 0.670898690993786 -0.198313991024705 750
"1697" 54 55 120 0.956430173762506 0.869605692555266 150
"1698" 54 56 240 0.902438178628085 0.503247553342479 250
"1699" 54 57 360 0.803778688949824 0.111486928541603 350
"1700" 54 58 480 0.742439777059121 0.0250123896988307 450
"1701" 54 59 600 0.467407450652375 -0.0808645762766467 650
"1702" 55 56 120 0.985352880352612 0.969996953831136 150
"1703" 55 57 240 0.962366832908272 0.8899900730157 250
"1704" 55 58 360 0.938835746410637 0.78806719120854 350
"1705" 55 59 480 0.867133292337093 0.734717722295664 450
"1706" 56 57 120 0.984369053354035 0.965206208227008 150
"1707" 56 58 240 0.966196500427662 0.912400390833724 250
"1708" 56 59 360 0.895552153595654 0.857711644111207 350
"1709" 57 58 120 0.990858380701234 0.983604652544489 150
"1710" 57 59 240 0.945336185412816 0.952592446315374 250
"1711" 58 59 120 0.970138076848429 0.984632411179158 150
