"i" "j" "hgt" "rsp" "rdir" "hgto"
"1" 1 2 120 0.853859514436111 0.0301397263407748 150
"2" 1 3 240 0.742389189764219 0.156321149303608 250
"3" 1 4 360 0.782382582775099 0.21917875502688 350
"4" 1 5 480 0.710027381890823 0.17385423707311 450
"5" 1 6 600 0.66676005985313 -0.0566672627779745 650
"6" 1 7 720 0.652728850947253 -0.0909383942763229 750
"7" 1 8 840 0.535329225218665 0.0581555243695746 850
"8" 1 9 960 0.50745457943301 -0.0640885548261939 950
"9" 1 10 1080 0.198328433943183 -0.0335690949880423 1050
"10" 1 11 1200 0.167908038118352 0.0700393500412834 1250
"11" 1 12 1320 0.0183766072915763 0.0997627858942934 1350
"12" 1 13 1440 -0.1030355828713 0.208365678175693 1450
"13" 1 14 1560 -0.0614160176703305 0.223525137799232 1550
"14" 1 15 1680 -0.0683904836588872 0.130602182021189 1650
"15" 1 16 1800 -0.034213209313566 0.0285563614068327 1850
"16" 1 17 1920 -0.127810716664427 -0.112389875538968 1950
"17" 1 18 2040 -0.193026044425069 -0.102381977625305 2050
"18" 1 19 2160 -0.153859342274613 -0.091890847554014 2150
"19" 1 20 2280 -0.177160155213031 0.0512310830765201 2250
"20" 1 21 2400 -0.137402141939367 0.0420681197864358 2450
"21" 1 22 2520 -0.0337449693380638 0.184378327857252 2550
"22" 1 23 2640 -0.0133032199977912 0.227423237173013 2650
"23" 1 24 2760 0.0885358236970501 0.370520057582882 2750
"24" 1 25 2880 0.0324290273948775 0.0625108333585034 2850
"25" 1 26 3000 0.176113633989673 0.0109447472220498 3050
"26" 1 27 3120 0.0960986657999294 0.124237578354579 3150
"27" 1 28 3240 0.128932165314522 0.153481822764305 3250
"28" 1 29 3360 0.17676260335946 0.149098754500435 3350
"29" 1 30 3480 0.222312492443648 0.206399923150833 3450
"30" 1 31 3600 0.191395194848065 -0.0322652612826247 3650
"31" 1 32 3840 0.26911559438542 -0.151180999563558 3850
"32" 1 33 4080 0.213563900575145 -0.150034804929204 4050
"33" 1 34 4320 0.0395763839107396 -0.15587763723632 4350
"34" 1 35 4560 0.00508417607617199 -0.0727965976934458 4550
"35" 1 36 4800 -0.0207339353209096 -0.156633504741911 4850
"36" 1 37 5040 -0.0982304553023047 -0.100025109742005 5050
"37" 1 38 5280 0.0237958344692267 0.0471789369087866 5250
"38" 1 39 5520 0.0217191635822189 -0.0125063226387502 5550
"39" 1 40 5760 0.197098097960534 -0.114981682829263 5750
"40" 1 41 6000 0.0805298907046235 -0.0301875360083945 6050
"41" 1 42 6240 -0.108176940706788 -0.148950564853677 6250
"42" 1 43 6480 -0.283255970310525 0.231253848291553 6450
"43" 1 44 6720 -0.106795895674268 0.0605019549230254 6750
"44" 1 45 6960 -0.00847869384405501 0.15446912584611 6950
"45" 1 46 7200 -0.0398093661902739 0.210269254851265 7250
"46" 1 47 7440 0.23776521247881 -0.0108388008789902 7450
"47" 1 48 7680 0.110003719810919 -0.45698394879895 7650
"48" 1 49 7920 0.277170920771632 -0.212962231276728 7950
"49" 1 50 8160 -0.170467465752485 -0.455214493445316 8150
"50" 1 51 8400 -0.611821181131015 -0.271116354682196 8450
"51" 1 52 8640 -0.415728746936538 -0.335731219118159 8650
"52" 1 53 8880 -0.474852705345817 -0.134004269028573 8850
"53" 1 54 9120 -0.96541008880865 -0.475521470606553 9150
"54" 1 55 9360 NA NA 9350
"55" 1 56 9600 NA NA 9650
"56" 1 57 9840 NA NA 9850
"57" 2 3 120 0.895701093258101 0.829726229280788 150
"58" 2 4 240 0.755804073430358 0.523436187133973 250
"59" 2 5 360 0.615838186339507 0.203057103114682 350
"60" 2 6 480 0.611284097283871 0.176706174521528 450
"61" 2 7 600 0.563464971006282 -0.0409411496267376 650
"62" 2 8 720 0.445628885781967 -0.201134229221819 750
"63" 2 9 840 0.427695965191034 -0.113821751164131 850
"64" 2 10 960 0.113478104571538 -0.0878665158773238 950
"65" 2 11 1080 0.120883343586419 -0.131638473843045 1050
"66" 2 12 1200 -0.027653291218262 -0.0824037861903173 1250
"67" 2 13 1320 -0.0718711253085978 -0.0505753219793352 1350
"68" 2 14 1440 0.0198837989487065 -0.146322221625173 1450
"69" 2 15 1560 -0.00300288579002847 -0.127567945582522 1550
"70" 2 16 1680 -0.0320202489525531 -0.0378737665757707 1650
"71" 2 17 1800 -0.0612697358651457 -0.129300940246793 1850
"72" 2 18 1920 -0.130708886633907 -0.091893118283935 1950
"73" 2 19 2040 -0.0309015257518167 -0.0860255453593309 2050
"74" 2 20 2160 -0.0498887403398802 0.00229477659617747 2150
"75" 2 21 2280 -0.00390880358809865 -0.0319370871651159 2250
"76" 2 22 2400 0.00540132838972907 -0.0288537038836651 2450
"77" 2 23 2520 -0.0351873309288303 -0.020303573391625 2550
"78" 2 24 2640 0.0926619023079015 -0.069068179606541 2650
"79" 2 25 2760 0.0458448274389256 -0.173029680249911 2750
"80" 2 26 2880 0.142930980771099 -0.162269649823448 2850
"81" 2 27 3000 0.0370003035536992 -0.142470896600513 3050
"82" 2 28 3120 -0.05259351984724 -0.208873227328291 3150
"83" 2 29 3240 0.0850938273325381 -0.186901753538941 3250
"84" 2 30 3360 0.077410289733734 -0.104514645134927 3350
"85" 2 31 3480 0.0126039135505971 0.0321181762527776 3450
"86" 2 32 3720 0.0493030184333757 -0.104839986929581 3750
"87" 2 33 3960 -0.0516755510630202 -0.127720941633311 3950
"88" 2 34 4200 -0.0791703924832123 -0.210719637406464 4250
"89" 2 35 4440 -0.207310195377424 -0.132884196736253 4450
"90" 2 36 4680 -0.123364801275069 -0.218273723647202 4650
"91" 2 37 4920 -0.159656527937879 -0.202476477905181 4950
"92" 2 38 5160 -0.0529224821241505 -0.152953687086143 5150
"93" 2 39 5400 0.0108775446967098 -0.0649254675013975 5450
"94" 2 40 5640 0.0264707183493296 -0.0525388096453945 5650
"95" 2 41 5880 0.18712544365954 -0.128903032037075 5850
"96" 2 42 6120 -0.0854952478504526 -0.136410750709719 6150
"97" 2 43 6360 -0.118946512610955 -0.0600146657519894 6350
"98" 2 44 6600 -0.199976307065738 -0.134592845262663 6650
"99" 2 45 6840 -0.136206308285187 -0.119223932970705 6850
"100" 2 46 7080 -0.213440478634367 -0.0478401744397197 7050
"101" 2 47 7320 -0.153451952916292 0.197005671829973 7350
"102" 2 48 7560 -0.18048452930464 0.164625549981113 7550
"103" 2 49 7800 -0.002207933190042 -0.353831785480125 7850
"104" 2 50 8040 -0.309314059172736 -0.256384903814271 8050
"105" 2 51 8280 -0.605283904132852 -0.380620131601228 8250
"106" 2 52 8520 -0.304814928800119 -0.463779491851345 8550
"107" 2 53 8760 -0.415037130503088 -0.570304319734094 8750
"108" 2 54 9000 -0.354519940258198 -0.71914196467617 9050
"109" 2 55 9240 1 1 9250
"110" 2 56 9480 -1 -1 9450
"111" 2 57 9720 NA NA 9750
"112" 3 4 120 0.857624811434641 0.521040369452275 150
"113" 3 5 240 0.737581371093307 0.131246132317349 250
"114" 3 6 360 0.677948823942941 0.149535683641371 350
"115" 3 7 480 0.500736847944915 -0.0840513610616987 450
"116" 3 8 600 0.386345652869051 -0.208922995582722 650
"117" 3 9 720 0.352975857091523 -0.191818751942533 750
"118" 3 10 840 0.154758212923499 -0.116870481151721 850
"119" 3 11 960 0.191014109390393 -0.132114134906367 950
"120" 3 12 1080 0.0384331206821364 -0.0848062343083841 1050
"121" 3 13 1200 0.0210340865684989 -0.0299993136774214 1250
"122" 3 14 1320 0.0649404123893011 -0.139935596389702 1350
"123" 3 15 1440 0.00216069253922439 -0.133233626479426 1450
"124" 3 16 1560 -0.0437102825291443 -0.122690696536566 1550
"125" 3 17 1680 -0.00252828673197568 -0.0749647536520156 1650
"126" 3 18 1800 -0.0958831466963472 -0.052158722884672 1850
"127" 3 19 1920 -0.0269701178414521 -0.018651002050757 1950
"128" 3 20 2040 -0.111639052417402 -0.0678831692754479 2050
"129" 3 21 2160 -0.0537531574198616 -0.0851772107511019 2150
"130" 3 22 2280 0.01033814814081 -0.118552956974125 2250
"131" 3 23 2400 0.0573429536488932 -0.0871605611226489 2450
"132" 3 24 2520 0.105914804125466 -0.0832885358214043 2550
"133" 3 25 2640 0.0972651899447826 -0.100998072966678 2650
"134" 3 26 2760 0.147517205669479 -0.101665301901356 2750
"135" 3 27 2880 0.0775150610578516 -0.14296284068738 2850
"136" 3 28 3000 -0.05209754769253 -0.218026539337786 3050
"137" 3 29 3120 0.061750052314446 -0.214041018170256 3150
"138" 3 30 3240 0.112970818975588 0.0117257428083029 3250
"139" 3 31 3360 -0.00308753553983253 0.0830377644929452 3350
"140" 3 32 3600 -0.0840338623037147 -0.059724090894793 3650
"141" 3 33 3840 -0.114344992335106 -0.0464941248144154 3850
"142" 3 34 4080 -0.160653593250279 -0.180358520375312 4050
"143" 3 35 4320 -0.285562914222947 -0.0614317892169305 4350
"144" 3 36 4560 -0.173234432874906 -0.197452551153442 4550
"145" 3 37 4800 -0.248296582996568 -0.201837175496226 4850
"146" 3 38 5040 -0.12699153325368 -0.132574531029986 5050
"147" 3 39 5280 -0.116173678035594 -0.0224817331505045 5250
"148" 3 40 5520 -0.089996901867194 0.064692221495351 5550
"149" 3 41 5760 0.00854097644315936 -0.0490299153705618 5750
"150" 3 42 6000 -0.105745037823414 -0.090474735838688 6050
"151" 3 43 6240 -0.166333397838937 0.012218826068487 6250
"152" 3 44 6480 -0.217725658851006 -0.103163378833818 6450
"153" 3 45 6720 -0.0913413072328932 0.145913703740602 6750
"154" 3 46 6960 -0.357119122033218 0.0896260060464166 6950
"155" 3 47 7200 -0.28573450822836 0.338054033243313 7250
"156" 3 48 7440 -0.235420055991174 0.0990983235798129 7450
"157" 3 49 7680 -0.22081101789415 -0.406286513240651 7650
"158" 3 50 7920 -0.398610462252822 -0.21236315642679 7950
"159" 3 51 8160 -0.703184623996548 -0.244551877694553 8150
"160" 3 52 8400 -0.362998290081838 -0.447387286509929 8450
"161" 3 53 8640 -0.398847509714064 -0.443921507865542 8650
"162" 3 54 8880 -0.172674091480184 0.0276860937791017 8850
"163" 3 55 9120 0.951269375659043 0.936806283030367 9150
"164" 3 56 9360 0.761420751029848 0.266930359945092 9350
"165" 3 57 9600 NA NA 9650
"166" 4 5 120 0.920788252613124 0.635553088974396 150
"167" 4 6 240 0.792053058959459 0.374872246260828 250
"168" 4 7 360 0.642777190797234 0.345107900538936 350
"169" 4 8 480 0.510558460135747 -0.028748925585897 450
"170" 4 9 600 0.452024612818143 0.0279028497662356 650
"171" 4 10 720 0.23460025989011 0.00757337209581121 750
"172" 4 11 840 0.167457473567659 -0.0564448784805421 850
"173" 4 12 960 0.0155879151459776 -0.0726067408430279 950
"174" 4 13 1080 -0.0243011534099281 -0.0588907849742771 1050
"175" 4 14 1200 0.0151350142674844 -0.146181761420954 1250
"176" 4 15 1320 -0.105903745114098 -0.0748703640465361 1350
"177" 4 16 1440 -0.0870428552911692 -0.109083403190593 1450
"178" 4 17 1560 -0.0575131288755893 -0.146701101586841 1550
"179" 4 18 1680 -0.135464232781931 -0.0736415362011308 1650
"180" 4 19 1800 -0.0954407158891781 -0.0262416722013332 1850
"181" 4 20 1920 -0.169247170550176 0.0110677366217468 1950
"182" 4 21 2040 -0.0818188757422907 -0.118315307255883 2050
"183" 4 22 2160 -0.0422698295510709 -0.148772004552962 2150
"184" 4 23 2280 -0.00811038864917474 -0.0029768411669435 2250
"185" 4 24 2400 0.0563695678978695 -0.0605161056486909 2450
"186" 4 25 2520 0.0479970138861999 -0.195750412467097 2550
"187" 4 26 2640 0.0701978286031155 -0.139553037973603 2650
"188" 4 27 2760 0.0380112027261107 -0.0532975805443509 2750
"189" 4 28 2880 -0.00121826504186973 -0.078760815501912 2850
"190" 4 29 3000 0.0862696275034951 -0.0164313496494919 3050
"191" 4 30 3120 0.112494509443809 0.0646107918982018 3150
"192" 4 31 3240 0.0326190978004816 0.00305647156244923 3250
"193" 4 32 3480 0.0326955326865465 0.0522450373070014 3450
"194" 4 33 3720 0.0197511025071862 -0.032766607933412 3750
"195" 4 34 3960 -0.065216054071859 -0.140630378131318 3950
"196" 4 35 4200 -0.213245186025439 0.0462565427115938 4250
"197" 4 36 4440 -0.187238240738804 0.013515428268879 4450
"198" 4 37 4680 -0.17107178223417 0.119183248053617 4650
"199" 4 38 4920 -0.143149629752778 0.170017932164246 4950
"200" 4 39 5160 -0.270713671239538 0.192991282722906 5150
"201" 4 40 5400 -0.255349927336042 0.164104535748641 5450
"202" 4 41 5640 -0.00415708135251524 0.0582157553886466 5650
"203" 4 42 5880 -0.247209532634731 -0.0811413391172138 5850
"204" 4 43 6120 -0.25926965220721 0.013503889641589 6150
"205" 4 44 6360 -0.18735475305262 0.0198923564422009 6350
"206" 4 45 6600 -0.0257079965232247 -0.0418696627725119 6650
"207" 4 46 6840 -0.231823633433096 -0.181964420019145 6850
"208" 4 47 7080 -0.183789842855009 -0.00215383901488952 7050
"209" 4 48 7320 0.0545631149501459 -0.154670475451716 7350
"210" 4 49 7560 -0.0329783282583055 -0.458749089169108 7550
"211" 4 50 7800 -0.141276125205396 -0.205972485276447 7850
"212" 4 51 8040 -0.698557013898397 -0.230068649034786 8050
"213" 4 52 8280 -0.220837236399925 -0.158179480823445 8250
"214" 4 53 8520 -0.404448305996265 -0.674925081739538 8550
"215" 4 54 8760 -0.137657610852032 -0.304401443173174 8750
"216" 4 55 9000 1 1 9050
"217" 4 56 9240 -1 -1 9250
"218" 4 57 9480 NA NA 9450
"219" 5 6 120 0.831866706955397 0.363836701271644 150
"220" 5 7 240 0.723617351825077 0.324270335011037 250
"221" 5 8 360 0.619466720746759 0.0708672981136396 350
"222" 5 9 480 0.581033669209726 0.0781165517135655 450
"223" 5 10 600 0.397672557207324 0.134996093475741 650
"224" 5 11 720 0.331748950172451 0.0149721713821511 750
"225" 5 12 840 0.210908195800621 -0.0286188878393765 850
"226" 5 13 960 0.164257656624474 -0.116316973170939 950
"227" 5 14 1080 0.124781224316905 -0.188847614677449 1050
"228" 5 15 1200 -0.0347540376225491 -0.0612242017609767 1250
"229" 5 16 1320 0.0366121433647283 -0.195067139627044 1350
"230" 5 17 1440 0.0551725002805668 -0.13201801187277 1450
"231" 5 18 1560 -0.0766031910820783 -0.0462670312802587 1550
"232" 5 19 1680 -0.0221141620205603 -0.00986776132802615 1650
"233" 5 20 1800 -0.0759947288960601 -0.0306331568847081 1850
"234" 5 21 1920 -0.068914151845985 -0.116124768964902 1950
"235" 5 22 2040 -0.00973351691148497 -0.107905050172259 2050
"236" 5 23 2160 0.0536435403454703 -0.0802994138375585 2150
"237" 5 24 2280 0.0429786088249352 -0.0971149475689982 2250
"238" 5 25 2400 0.052676232361326 -0.168691270285624 2450
"239" 5 26 2520 0.0947384453619447 -0.202281908777889 2550
"240" 5 27 2640 0.0477230477024445 -0.00404149453345482 2650
"241" 5 28 2760 0.138731973648902 0.0425824290077309 2750
"242" 5 29 2880 0.149140989481369 0.129045043828306 2850
"243" 5 30 3000 0.26697983593859 0.00149163777856239 3050
"244" 5 31 3120 0.00518244259384629 0.0395038307783416 3150
"245" 5 32 3360 0.0797172697770795 0.0262291346399607 3350
"246" 5 33 3600 0.0571192000205259 -0.0756008653698198 3650
"247" 5 34 3840 -0.0300483098447135 -0.147239228551957 3850
"248" 5 35 4080 -0.0792209400740061 -0.0768176400996023 4050
"249" 5 36 4320 -0.102373137142717 -0.0502759534896085 4350
"250" 5 37 4560 -0.0900490255295373 0.07366665416435 4550
"251" 5 38 4800 -0.0489289871115392 0.172497021214277 4850
"252" 5 39 5040 -0.162881237846452 0.179858417709344 5050
"253" 5 40 5280 -0.109529625547363 0.138302269548666 5250
"254" 5 41 5520 -0.0546937872207023 0.186370538982183 5550
"255" 5 42 5760 -0.282878523479806 0.00454660073684274 5750
"256" 5 43 6000 -0.229453237823296 0.112521798820556 6050
"257" 5 44 6240 -0.110752095188197 0.332424341011389 6250
"258" 5 45 6480 0.0779684339986399 0.209146492659002 6450
"259" 5 46 6720 -0.305670024931356 -0.352842565181854 6750
"260" 5 47 6960 -0.207375077285144 -0.229294393305161 6950
"261" 5 48 7200 -0.0464944743680291 -0.541975459212742 7250
"262" 5 49 7440 -0.110729395181736 -0.426605634173477 7450
"263" 5 50 7680 -0.094628708241359 -0.207372895393065 7650
"264" 5 51 7920 -0.777241227361675 -0.120077445748697 7950
"265" 5 52 8160 -0.259347619544547 0.195882378808497 8150
"266" 5 53 8400 0.617399572303406 -0.49183583040759 8450
"267" 5 54 8640 0.929576908422793 -0.112986640024239 8650
"268" 5 55 8880 0.9919018734627 -0.99999714320258 8850
"269" 5 56 9120 0.868228704215904 -0.585280126812839 9150
"270" 5 57 9360 NA NA 9350
"271" 6 7 120 0.772273337631955 0.69458862732626 150
"272" 6 8 240 0.671445357953431 0.32815988646446 250
"273" 6 9 360 0.574967768017518 0.440262885144172 350
"274" 6 10 480 0.304352293903464 0.441060506018506 450
"275" 6 11 600 0.225703421914006 0.198704610720675 650
"276" 6 12 720 0.0821652568449178 0.0739883764070765 750
"277" 6 13 840 0.0553156238221941 0.047989445690029 850
"278" 6 14 960 0.0079329833440357 -0.128633395603624 950
"279" 6 15 1080 -0.112835368076859 -0.0179500208247764 1050
"280" 6 16 1200 -0.105610977003573 -0.120912543086488 1250
"281" 6 17 1320 -0.060845516400771 0.0254890215061741 1350
"282" 6 18 1440 -0.20603688142235 0.0923271826177992 1450
"283" 6 19 1560 -0.172448376164895 0.0737098965542162 1550
"284" 6 20 1680 -0.203887625414643 0.0350399521797481 1650
"285" 6 21 1800 -0.10552603088185 -0.137173800622381 1850
"286" 6 22 1920 0.00963636776543269 -0.0797664418105029 1950
"287" 6 23 2040 -0.0130436364255461 0.00414517570542372 2050
"288" 6 24 2160 0.0595121847551278 -0.21901389561387 2150
"289" 6 25 2280 0.0521495541601329 -0.174903933688496 2250
"290" 6 26 2400 0.246393561241685 -0.200178680715431 2450
"291" 6 27 2520 0.136329845036415 -0.137102546169478 2550
"292" 6 28 2640 0.158340252635238 0.0928336966680117 2650
"293" 6 29 2760 0.143040756142488 0.0579700632308066 2750
"294" 6 30 2880 0.314375432319286 -0.242826456445535 2850
"295" 6 31 3000 -0.032277026076213 -0.0218052531923221 3050
"296" 6 32 3240 0.0741049466670518 0.0750628536685961 3250
"297" 6 33 3480 0.0191888106598183 0.0540504816795158 3450
"298" 6 34 3720 -0.0097697395048231 -0.0894798340198826 3750
"299" 6 35 3960 -0.00971138998491179 0.108601775985853 3950
"300" 6 36 4200 -0.0569501546514429 0.151272076777747 4250
"301" 6 37 4440 0.00759699248695705 0.0595649781741209 4450
"302" 6 38 4680 -0.0100891931771477 0.0941996651093168 4650
"303" 6 39 4920 -0.103951353932242 0.269551648142135 4950
"304" 6 40 5160 -0.0918605268191582 0.0499196468542468 5150
"305" 6 41 5400 -0.0699274092093595 0.0672427275838354 5450
"306" 6 42 5640 -0.134705509041268 -0.0740600899493153 5650
"307" 6 43 5880 -0.047015960606921 0.0832016802901441 5850
"308" 6 44 6120 -0.0137984766911244 0.0718578676856227 6150
"309" 6 45 6360 0.231516592370209 0.076377994254881 6350
"310" 6 46 6600 -0.035199589067304 0.226016733273222 6650
"311" 6 47 6840 -0.0618884827888379 0.0993716141701822 6850
"312" 6 48 7080 0.06758707333435 0.215572234517617 7050
"313" 6 49 7320 0.0390415238460627 -0.0601439960556214 7350
"314" 6 50 7560 0.0742872450898738 0.014921987815532 7550
"315" 6 51 7800 -0.456277612738891 -0.10679955711556 7850
"316" 6 52 8040 -0.369555705064854 -0.228737157353193 8050
"317" 6 53 8280 0.916974273709381 -0.595077396032195 8250
"318" 6 54 8520 -1 1 8550
"319" 6 55 8760 NA NA 8750
"320" 6 56 9000 NA NA 9050
"321" 6 57 9240 NA NA 9250
"322" 7 8 120 0.88982660088954 0.608785425505527 150
"323" 7 9 240 0.742952209255157 0.612917630701715 250
"324" 7 10 360 0.432800432309152 0.460067616245856 350
"325" 7 11 480 0.227276561009224 0.275937006073177 450
"326" 7 12 600 0.100745716562094 0.18999928508178 650
"327" 7 13 720 -0.0160879605681044 0.104637964385871 750
"328" 7 14 840 -0.0171723739799383 0.109260325561212 850
"329" 7 15 960 -0.0819229223289333 0.105136578647087 950
"330" 7 16 1080 -0.0834919022474284 -0.0188556817194998 1050
"331" 7 17 1200 -0.17482058904262 0.222844188324056 1250
"332" 7 18 1320 -0.164439034023999 0.302614914286219 1350
"333" 7 19 1440 -0.0942512780260388 0.299101261342805 1450
"334" 7 20 1560 -0.125214503488688 0.198992257284199 1550
"335" 7 21 1680 -0.117227316455869 -0.0358451522641037 1650
"336" 7 22 1800 -0.0531242779404691 0.0725755494892686 1850
"337" 7 23 1920 -0.0896303330131547 0.0814616497774201 1950
"338" 7 24 2040 -0.0175797944418533 -0.226993408448565 2050
"339" 7 25 2160 0.0509635797826476 -0.204746066677795 2150
"340" 7 26 2280 0.0905265079141055 -0.137744910262704 2250
"341" 7 27 2400 0.106400462726199 -0.0870279196994948 2450
"342" 7 28 2520 0.0586708454978367 0.0470833056637625 2550
"343" 7 29 2640 0.156022682820949 -0.0598117125289021 2650
"344" 7 30 2760 0.292872021426279 -0.097479748098747 2750
"345" 7 31 2880 0.0938479871353287 -0.149451480880375 2850
"346" 7 32 3120 0.194162875482838 0.02559762957347 3150
"347" 7 33 3360 0.168707237046315 0.0337069024965552 3350
"348" 7 34 3600 0.206973439345314 -0.00902485763595448 3650
"349" 7 35 3840 0.0660649960646618 0.163439198572206 3850
"350" 7 36 4080 0.108144071569128 0.280361310732528 4050
"351" 7 37 4320 0.0791970074274319 0.242502435220022 4350
"352" 7 38 4560 0.0518034782115756 0.100622828714508 4550
"353" 7 39 4800 0.0397418281907575 0.131991782329435 4850
"354" 7 40 5040 0.092093890122835 0.0516623613203938 5050
"355" 7 41 5280 0.0335673622540322 0.119136428430602 5250
"356" 7 42 5520 -0.017663581995483 -0.0380315604906138 5550
"357" 7 43 5760 -0.165750353684801 0.149965642307272 5750
"358" 7 44 6000 -0.056196475952163 0.0454232583261893 6050
"359" 7 45 6240 -0.0444735993558861 -0.15469106269415 6250
"360" 7 46 6480 -0.220168692113126 -0.0312961784733612 6450
"361" 7 47 6720 -0.0177158769051731 -0.213800287327445 6750
"362" 7 48 6960 0.0985434876125479 0.049086028150006 6950
"363" 7 49 7200 0.537400269225346 -0.136097616106924 7250
"364" 7 50 7440 -0.0108000724988342 0.201007039545444 7450
"365" 7 51 7680 -0.526042507676127 0.118323134400455 7650
"366" 7 52 7920 -0.553807712299043 0.340600156161872 7950
"367" 7 53 8160 0.673830597374567 -0.312764292426811 8150
"368" 7 54 8400 0.879649188424116 0.287917242926277 8450
"369" 7 55 8640 0.443263678352181 0.999059906843022 8650
"370" 7 56 8880 0.0673605996847871 0.621754086102365 8850
"371" 7 57 9120 NA NA 9150
"372" 8 9 120 0.879112579361756 0.872671223702175 150
"373" 8 10 240 0.563725510884075 0.554013458389964 250
"374" 8 11 360 0.418379700345791 0.411942193521302 350
"375" 8 12 480 0.308251751913061 0.175160217974333 450
"376" 8 13 600 0.12072853334238 0.0801796322634134 650
"377" 8 14 720 0.088727888988691 0.0427093636840597 750
"378" 8 15 840 -0.0513610804493086 0.18396393912253 850
"379" 8 16 960 0.00138156968669065 -0.0526444071482616 950
"380" 8 17 1080 -0.0459113116568168 0.0826335454312037 1050
"381" 8 18 1200 -0.0090069180206669 0.100142784556848 1250
"382" 8 19 1320 0.0347449976009292 0.101319883852509 1350
"383" 8 20 1440 -0.0780617960096149 0.157685529697589 1450
"384" 8 21 1560 -0.0181223500276734 -0.015169215092594 1550
"385" 8 22 1680 0.0691215374306684 0.038822645430672 1650
"386" 8 23 1800 -0.017230459137786 0.0922081933352064 1850
"387" 8 24 1920 0.0688730848489666 -0.116203096275445 1950
"388" 8 25 2040 0.104928756763924 -0.027300980675088 2050
"389" 8 26 2160 0.070782434695113 -0.0755090806677554 2150
"390" 8 27 2280 0.0515077710440411 -0.0134842843567009 2250
"391" 8 28 2400 0.0491338828158483 0.156999038154347 2450
"392" 8 29 2520 0.187881632089608 0.138094226210965 2550
"393" 8 30 2640 0.352468526538312 -0.105421075399835 2650
"394" 8 31 2760 0.18798011087359 -0.152292439684833 2750
"395" 8 32 3000 0.268920870082237 -0.104356145392207 3050
"396" 8 33 3240 0.14997691131107 0.131726873058728 3250
"397" 8 34 3480 0.198926986812783 0.306574154403944 3450
"398" 8 35 3720 0.118549288762869 0.239376082785424 3750
"399" 8 36 3960 0.142274648909438 0.403452892851751 3950
"400" 8 37 4200 0.131245916996934 0.146731558076659 4250
"401" 8 38 4440 0.163786199789324 0.0709297057307107 4450
"402" 8 39 4680 0.182760834399369 0.19356901384885 4650
"403" 8 40 4920 0.113489649107816 0.0353818602982233 4950
"404" 8 41 5160 0.0493566873096589 -0.00527625166339114 5150
"405" 8 42 5400 -0.0376867967692866 0.0266831299815654 5450
"406" 8 43 5640 -0.143999515741147 0.0156422339934998 5650
"407" 8 44 5880 -0.0911709599967727 0.000693915042176957 5850
"408" 8 45 6120 0.019638146520017 -0.205300227240153 6150
"409" 8 46 6360 -0.1553239642136 -0.169945618533766 6350
"410" 8 47 6600 0.0711305423200779 -0.206953345931955 6650
"411" 8 48 6840 0.177005929242392 -0.160114697617627 6850
"412" 8 49 7080 0.491363503735134 -0.0679395202218093 7050
"413" 8 50 7320 -0.0602172193373834 0.339012805671213 7350
"414" 8 51 7560 -0.46620592664694 -0.102111787258592 7550
"415" 8 52 7800 -0.529892010435131 0.587160033046292 7850
"416" 8 53 8040 0.264738108160997 0.0837909186344249 8050
"417" 8 54 8280 0.93116866024823 0.359900550953259 8250
"418" 8 55 8520 0.543444418256032 0.9950714358044 8550
"419" 8 56 8760 0.181695346143247 0.50405885648511 8750
"420" 8 57 9000 NA NA 9050
"421" 9 10 120 0.778930742117734 0.78163416364478 150
"422" 9 11 240 0.582542309876045 0.500853172029663 250
"423" 9 12 360 0.452067848708368 0.286627562243245 350
"424" 9 13 480 0.234393946672249 0.19356401696967 450
"425" 9 14 600 0.169442270686093 -0.00919297605679494 650
"426" 9 15 720 0.0280435975675981 0.0864325101846928 750
"427" 9 16 840 0.026494615405302 -0.0895598246206928 850
"428" 9 17 960 -0.0461889239607093 0.0878644105699229 950
"429" 9 18 1080 -0.0677032313701472 0.0914451656927019 1050
"430" 9 19 1200 -0.0845512419817667 0.0816540900378636 1250
"431" 9 20 1320 -0.18110833939623 0.0997319440099269 1350
"432" 9 21 1440 -0.0777621729969979 -0.0188224252773764 1450
"433" 9 22 1560 0.00668704518695244 0.0266936050697853 1550
"434" 9 23 1680 -0.0702990578190539 0.0988049450052465 1650
"435" 9 24 1800 0.087268879762848 -0.151005075942697 1850
"436" 9 25 1920 -0.000558038364898709 -0.0372808992827431 1950
"437" 9 26 2040 0.0325032360958813 -0.0544959399447754 2050
"438" 9 27 2160 -0.0622392155650676 -0.0591039070099952 2150
"439" 9 28 2280 -0.0277083549287304 0.123184769858472 2250
"440" 9 29 2400 0.0168583066044055 0.0203658642099085 2450
"441" 9 30 2520 0.165509010138241 -0.137505827276329 2550
"442" 9 31 2640 0.00682071985396323 -0.134270674910105 2650
"443" 9 32 2880 0.183718190180395 -0.120984381050847 2850
"444" 9 33 3120 0.123812791035327 0.258483565743027 3150
"445" 9 34 3360 0.175144148566152 0.307777475599325 3350
"446" 9 35 3600 0.0919518036308697 0.233269209126877 3650
"447" 9 36 3840 0.165814008226842 0.391925394485776 3850
"448" 9 37 4080 0.136080333943451 0.146941959652518 4050
"449" 9 38 4320 0.258068584555944 0.106325319710552 4350
"450" 9 39 4560 0.298365080711078 0.177687316086576 4550
"451" 9 40 4800 0.235036257637501 0.0486692901442426 4850
"452" 9 41 5040 0.183054790670877 0.0314920396743953 5050
"453" 9 42 5280 -0.00987058186903966 0.0836176334208399 5250
"454" 9 43 5520 -0.108186852767143 0.0433987673225739 5550
"455" 9 44 5760 0.0012246829439264 0.100916066875052 5750
"456" 9 45 6000 0.0173017843793937 -0.0814893682939404 6050
"457" 9 46 6240 -0.123776643478468 -0.174590464429169 6250
"458" 9 47 6480 0.0247291616405816 -0.162091871072273 6450
"459" 9 48 6720 0.0622960201271386 0.0225422645882855 6750
"460" 9 49 6960 0.367388123111491 -0.143384118764004 6950
"461" 9 50 7200 -0.214817349052034 0.347926961643222 7250
"462" 9 51 7440 -0.50194197461493 -0.0551207239093196 7450
"463" 9 52 7680 -0.553140096049235 0.637481138439488 7650
"464" 9 53 7920 0.12250117697518 0.307117987615845 7950
"465" 9 54 8160 0.780635942156461 0.277224575510742 8150
"466" 9 55 8400 0.999413633657448 0.592923469020722 8450
"467" 9 56 8640 0.936747350890939 -0.303626017757543 8650
"468" 9 57 8880 NA NA 8850
"469" 10 11 120 0.878256629847199 0.832871612485767 150
"470" 10 12 240 0.754333237943438 0.676950789739965 250
"471" 10 13 360 0.568929979589286 0.360588230160081 350
"472" 10 14 480 0.468496464041078 0.0998824422649527 450
"473" 10 15 600 0.310735125357805 0.281225754911177 650
"474" 10 16 720 0.255251375874328 0.0300642530418223 750
"475" 10 17 840 0.14828477825809 0.191941599687613 850
"476" 10 18 960 0.0871763964499712 0.0876086081213073 950
"477" 10 19 1080 0.0360811441816251 0.0264735991547776 1050
"478" 10 20 1200 -0.103152145347121 -0.00984028424476439 1250
"479" 10 21 1320 0.013078119142372 0.014573238923827 1350
"480" 10 22 1440 0.0845428787442231 -0.0252507706866595 1450
"481" 10 23 1560 -0.0326461457077581 0.125956146827369 1550
"482" 10 24 1680 0.105545956757311 -0.0822897093668698 1650
"483" 10 25 1800 0.00969784868696869 -0.0291765234646737 1850
"484" 10 26 1920 0.0459088211572768 -0.0179772670194658 1950
"485" 10 27 2040 -0.0867250164314122 0.0694811794249355 2050
"486" 10 28 2160 0.0358203590590607 0.168517833994583 2150
"487" 10 29 2280 -0.0440444957389265 0.129915841978385 2250
"488" 10 30 2400 0.185263366121031 0.0117931259940052 2450
"489" 10 31 2520 -0.0409969762904937 0.0240268908334322 2550
"490" 10 32 2760 0.183957703787223 -0.0688944168734541 2750
"491" 10 33 3000 0.154124643371817 0.109199709205548 3050
"492" 10 34 3240 0.18370079597159 0.078430456815494 3250
"493" 10 35 3480 0.101996806637825 0.126998136773258 3450
"494" 10 36 3720 0.117184147046968 0.145931343725443 3750
"495" 10 37 3960 0.0633694348926928 -0.0206220313566146 3950
"496" 10 38 4200 0.157357948367171 0.0675047725065366 4250
"497" 10 39 4440 0.219019946755965 0.206797012355191 4450
"498" 10 40 4680 0.192833065181397 -0.0157505899502805 4650
"499" 10 41 4920 0.119339798914981 0.0412363719184315 4950
"500" 10 42 5160 0.118504195630695 0.140150821169759 5150
"501" 10 43 5400 0.0107152014399386 0.13236146634012 5450
"502" 10 44 5640 -0.00650531007011989 0.0239396463974542 5650
"503" 10 45 5880 -0.113946771209262 0.0702993818328162 5850
"504" 10 46 6120 -0.234143007766147 -0.0323725424293445 6150
"505" 10 47 6360 -0.202820969364227 -0.117520353348943 6350
"506" 10 48 6600 -0.209017693205239 0.147062716415219 6650
"507" 10 49 6840 -0.0194866254924717 -0.0246344535573295 6850
"508" 10 50 7080 -0.060970310057828 0.319780128752944 7050
"509" 10 51 7320 0.190412047201948 0.0903103124266752 7350
"510" 10 52 7560 0.156487204936915 0.206325471879842 7550
"511" 10 53 7800 0.136786870992585 0.293644188984285 7850
"512" 10 54 8040 0.907377940457919 -0.641934467553279 8050
"513" 10 55 8280 0.992350024684415 -0.352076815033179 8250
"514" 10 56 8520 0.869998705209536 -0.964348296474859 8550
"515" 10 57 8760 NA NA 8750
"516" 11 12 120 0.912622314341888 0.859026818709413 150
"517" 11 13 240 0.76255946588232 0.539349697126484 250
"518" 11 14 360 0.65540910299263 0.374293020350181 350
"519" 11 15 480 0.445401763790202 0.419288979905736 450
"520" 11 16 600 0.386805521636199 0.112785381140853 650
"521" 11 17 720 0.30841323539017 0.217341648790985 750
"522" 11 18 840 0.195003934164196 0.117486247508821 850
"523" 11 19 960 0.124434919163582 0.0993677390589528 950
"524" 11 20 1080 -0.0109676418683767 0.0314935048913553 1050
"525" 11 21 1200 0.0636784551216912 0.0540547714496574 1250
"526" 11 22 1320 0.100182028443189 -0.0671332029777343 1350
"527" 11 23 1440 0.0879964450893541 0.0375693057490343 1450
"528" 11 24 1560 0.118707828026671 -0.12127295486966 1550
"529" 11 25 1680 -0.00285747016308709 -0.0845492103765363 1650
"530" 11 26 1800 0.0674982845564318 -0.0685458940268523 1850
"531" 11 27 1920 -0.0193780667426421 0.0731029737540047 1950
"532" 11 28 2040 0.0993545312143805 0.104263528847389 2050
"533" 11 29 2160 -0.0331189934286964 0.155560650592925 2150
"534" 11 30 2280 0.230754274114334 -0.0900687775500088 2250
"535" 11 31 2400 -0.0285542929053587 0.0473052171170215 2450
"536" 11 32 2640 0.0272385944569682 -0.0179334749710294 2650
"537" 11 33 2880 -0.0774494803391804 0.177857747876904 2850
"538" 11 34 3120 -0.0358966747699085 0.0875279735629794 3150
"539" 11 35 3360 -0.0413357349855853 0.059355454931653 3350
"540" 11 36 3600 -0.0777050466464814 0.0625491210211515 3650
"541" 11 37 3840 -0.0807713683313936 -0.00304210444854015 3850
"542" 11 38 4080 0.0275978567446979 0.0718394472225507 4050
"543" 11 39 4320 0.092666532177379 0.0983920217768758 4350
"544" 11 40 4560 0.0587170559684839 0.0612414801443467 4550
"545" 11 41 4800 -0.0574119788877366 0.147218658400271 4850
"546" 11 42 5040 -0.0267001734278452 0.0758979670316869 5050
"547" 11 43 5280 0.0453290106396353 -0.00141134580887413 5250
"548" 11 44 5520 0.00227528422261583 -0.25447756959011 5550
"549" 11 45 5760 0.00194601316790761 -0.0593738574985406 5750
"550" 11 46 6000 -0.323368088780316 0.0537626710628898 6050
"551" 11 47 6240 -0.163478845617168 0.0610720680229226 6250
"552" 11 48 6480 -0.288032086373409 0.21607747597519 6450
"553" 11 49 6720 -0.290443614433445 0.0680373406085027 6750
"554" 11 50 6960 -0.232911139526817 0.532828559909117 6950
"555" 11 51 7200 0.0417647344293536 0.185101212126405 7250
"556" 11 52 7440 -0.0656039056811777 -0.0472022866905282 7450
"557" 11 53 7680 -0.453859840491188 0.00166181221903696 7650
"558" 11 54 7920 0.45246156582598 -0.0497958999259622 7950
"559" 11 55 8160 0.850846512495564 -0.987328229917609 8150
"560" 11 56 8400 0.585721264177911 -0.708225090156605 8450
"561" 11 57 8640 NA NA 8650
"562" 12 13 120 0.89522048563404 0.75478220985866 150
"563" 12 14 240 0.792871680166649 0.528235124351623 250
"564" 12 15 360 0.571287230026981 0.534479762363033 350
"565" 12 16 480 0.492857549442563 0.12683041109808 450
"566" 12 17 600 0.411293597353042 0.209702186544698 650
"567" 12 18 720 0.270338476420333 0.176943526615181 750
"568" 12 19 840 0.198370596405751 0.0744457135300932 850
"569" 12 20 960 0.0761007220173792 -0.0197314504941998 950
"570" 12 21 1080 0.0907255641132136 0.0448229254878715 1050
"571" 12 22 1200 0.120471221815273 -0.0113439953551482 1250
"572" 12 23 1320 0.0979311182610736 -0.00948600192028238 1350
"573" 12 24 1440 0.114303547027201 -0.0307793959730518 1450
"574" 12 25 1560 0.0446988106034801 -0.0712190962195606 1550
"575" 12 26 1680 0.0916258446417455 0.0112281579899127 1650
"576" 12 27 1800 0.0033430242306631 0.0960468566838212 1850
"577" 12 28 1920 0.0926975427125792 0.119012522792899 1950
"578" 12 29 2040 -0.0172253128752945 0.121022446326633 2050
"579" 12 30 2160 0.161576384968491 0.0345075636125148 2150
"580" 12 31 2280 0.0303246298232824 0.186396791260831 2250
"581" 12 32 2520 0.0401503528256286 0.116597335352762 2550
"582" 12 33 2760 -0.0297515184274591 0.105204738753813 2750
"583" 12 34 3000 -0.032311497608171 0.150396878602743 3050
"584" 12 35 3240 0.00728470047720685 0.0068240928632216 3250
"585" 12 36 3480 -0.0395316274222148 0.0200822258797512 3450
"586" 12 37 3720 -0.0787123279913447 -0.00229763073690874 3750
"587" 12 38 3960 -0.0111454986917996 0.141508714864801 3950
"588" 12 39 4200 0.0422705694151271 0.158037443733829 4250
"589" 12 40 4440 -0.0155484186896317 0.23258498275003 4450
"590" 12 41 4680 -0.0863439639312368 0.22505787821741 4650
"591" 12 42 4920 -0.0409350877127256 0.149673283695849 4950
"592" 12 43 5160 0.00749673412835569 0.18010114843079 5150
"593" 12 44 5400 -0.098175886766854 -0.187911965886357 5450
"594" 12 45 5640 -0.0889901146722585 -0.0659776481728317 5650
"595" 12 46 5880 -0.195426369360911 0.21213045388363 5850
"596" 12 47 6120 -0.301991606210453 0.080630448326818 6150
"597" 12 48 6360 -0.330564547316288 0.142262299979311 6350
"598" 12 49 6600 -0.313500116236637 -0.135524369091073 6650
"599" 12 50 6840 -0.11158901171595 0.192551038962802 6850
"600" 12 51 7080 0.382162316982163 0.245103937002568 7050
"601" 12 52 7320 0.237792487336924 0.0859249284898279 7350
"602" 12 53 7560 0.138902383385448 0.26096016062809 7550
"603" 12 54 7800 0.737493092473577 0.170956761498563 7850
"604" 12 55 8040 0.925559176312689 -0.468782180440355 8050
"605" 12 56 8280 0.710835388263643 -0.990257225516754 8250
"606" 12 57 8520 NA NA 8550
"607" 13 14 120 0.909435986110239 0.556495722713773 150
"608" 13 15 240 0.754401380435228 0.41700168105088 250
"609" 13 16 360 0.615972365420956 0.0892762545984348 350
"610" 13 17 480 0.525177505154363 0.0781370391652617 450
"611" 13 18 600 0.380799887418467 0.153250892231395 650
"612" 13 19 720 0.282727866434892 -0.0213745503945997 750
"613" 13 20 840 0.181220332044669 -0.109272849088152 850
"614" 13 21 960 0.168216636576944 0.0276634866722083 950
"615" 13 22 1080 0.171574579676313 0.00694951683492634 1050
"616" 13 23 1200 0.135648201850442 0.025637115050289 1250
"617" 13 24 1320 0.113344784384766 -0.0415798189174124 1350
"618" 13 25 1440 0.0938733472064115 -0.125264371402335 1450
"619" 13 26 1560 0.230844320450637 0.00553954317086931 1550
"620" 13 27 1680 0.0816186103027105 -0.00936405254016566 1650
"621" 13 28 1800 0.126018887136544 0.0942260739857753 1850
"622" 13 29 1920 -0.0569118382989279 -0.062139227936928 1950
"623" 13 30 2040 0.0736982712765812 -0.0336514844594919 2050
"624" 13 31 2160 -0.0503455751148824 -0.0478864051029101 2150
"625" 13 32 2400 -0.0358823981190559 -0.0192288441727663 2450
"626" 13 33 2640 -0.0860113388213648 -0.026436095723788 2650
"627" 13 34 2880 -0.0939192271260528 0.100233248988401 2850
"628" 13 35 3120 -0.025599293606296 0.0477311828918702 3150
"629" 13 36 3360 -0.0448777586946806 0.0749697693697975 3350
"630" 13 37 3600 -0.0634111932339406 -0.015285675710785 3650
"631" 13 38 3840 -0.0219031819412352 0.141873357601671 3850
"632" 13 39 4080 0.0316480824509339 0.119001502455993 4050
"633" 13 40 4320 -0.070305775289615 0.0890131699274366 4350
"634" 13 41 4560 -0.0751861012592422 0.188694608695426 4550
"635" 13 42 4800 0.0600354908888932 0.246476341706809 4850
"636" 13 43 5040 0.0987610691205977 0.256123287343066 5050
"637" 13 44 5280 -0.0746284611319649 -0.170515485200094 5250
"638" 13 45 5520 -0.129980715111123 -0.142500599251501 5550
"639" 13 46 5760 -0.321816207176977 0.231467761202896 5750
"640" 13 47 6000 -0.513920446220105 0.319189131105279 6050
"641" 13 48 6240 -0.504341127236628 0.413418090910566 6250
"642" 13 49 6480 -0.478357783217494 -0.0356961241992861 6450
"643" 13 50 6720 -0.104662383073809 0.234145143264853 6750
"644" 13 51 6960 0.305617260065463 0.1128284267157 6950
"645" 13 52 7200 0.0765300537621605 -0.1754809557355 7250
"646" 13 53 7440 -0.0774669985307472 -0.130945231894434 7450
"647" 13 54 7680 0.553352693246024 0.244051697111215 7650
"648" 13 55 7920 0.940264639839505 0.566494375225951 7950
"649" 13 56 8160 0.738998192511581 -0.334368397636365 8150
"650" 13 57 8400 NA NA 8450
"651" 14 15 120 0.897980886256818 0.822650668963851 150
"652" 14 16 240 0.770732626114878 0.834373395711096 250
"653" 14 17 360 0.660028716527724 0.77144417441837 350
"654" 14 18 480 0.551119954969894 0.717134139465618 450
"655" 14 19 600 0.422864775064021 0.600229973666281 650
"656" 14 20 720 0.364714096573325 0.161766008546383 750
"657" 14 21 840 0.300829319558187 0.148510886542472 850
"658" 14 22 960 0.268667509528 0.102066035110393 950
"659" 14 23 1080 0.220614196176231 -0.00981154495654523 1050
"660" 14 24 1200 0.204054080472453 -0.0754440685158878 1250
"661" 14 25 1320 0.174903670568578 -0.00725395264413753 1350
"662" 14 26 1440 0.339161781547702 0.0483559840015567 1450
"663" 14 27 1560 0.0902699858610582 0.0453668540542599 1550
"664" 14 28 1680 0.118870361351176 0.0919987343521165 1650
"665" 14 29 1800 -0.0882168103189503 0.00214302154179748 1850
"666" 14 30 1920 -0.0600987719530645 0.106093240695621 1950
"667" 14 31 2040 -0.137494529427614 0.214210011731716 2050
"668" 14 32 2280 -0.13791315719458 0.0861921233302884 2250
"669" 14 33 2520 -0.117195940550938 -0.0344075973636932 2550
"670" 14 34 2760 -0.211490457154369 -0.0018328418318666 2750
"671" 14 35 3000 -0.182312188876101 -0.0083909641291793 3050
"672" 14 36 3240 -0.144134102787051 0.0230772112151047 3250
"673" 14 37 3480 -0.0997436857784096 -0.0414282445359355 3450
"674" 14 38 3720 -0.0358348602241948 0.0647187262707634 3750
"675" 14 39 3960 -0.00642691634697353 0.027092421533889 3950
"676" 14 40 4200 -0.0979264358683185 0.140415928543973 4250
"677" 14 41 4440 -0.0290107597488221 0.127498219568247 4450
"678" 14 42 4680 0.0176146914922343 0.143447297033477 4650
"679" 14 43 4920 0.00164165061677542 0.196655837180519 4950
"680" 14 44 5160 -0.154530900247064 -0.197795549720893 5150
"681" 14 45 5400 -0.221678433547649 -0.12588258545589 5450
"682" 14 46 5640 -0.36778914208682 0.23812697823461 5650
"683" 14 47 5880 -0.570458604310355 0.469424070180348 5850
"684" 14 48 6120 -0.606546145557498 0.510926330395445 6150
"685" 14 49 6360 -0.531722521777501 0.233551417997329 6350
"686" 14 50 6600 -0.28218209172927 0.345937060186279 6650
"687" 14 51 6840 0.169334249655638 0.0936170266778603 6850
"688" 14 52 7080 0.00209849513396599 -0.229622114152795 7050
"689" 14 53 7320 -0.227619936162296 -0.0936165785465293 7350
"690" 14 54 7560 0.532969642484221 0.296087473255828 7550
"691" 14 55 7800 0.635711789415508 0.99994007679334 7850
"692" 14 56 8040 0.292753839137189 0.578320354708288 8050
"693" 14 57 8280 NA NA 8250
"694" 15 16 120 0.900316407033736 0.669532589266766 150
"695" 15 17 240 0.786492165323318 0.213308456421517 250
"696" 15 18 360 0.67940163336809 0.237371137361389 350
"697" 15 19 480 0.497963531686787 0.183200914142622 450
"698" 15 20 600 0.403395902267519 0.0500495008536951 650
"699" 15 21 720 0.259070215042637 0.0648639523916709 750
"700" 15 22 840 0.230585921563749 0.172382224843265 850
"701" 15 23 960 0.157397625686055 0.233519169254405 950
"702" 15 24 1080 0.0839827602183472 0.302873095990437 1050
"703" 15 25 1200 0.0548341406737705 0.223577265714891 1250
"704" 15 26 1320 0.348241352776894 0.133597067371651 1350
"705" 15 27 1440 0.0774080170341392 0.0751084979575808 1450
"706" 15 28 1560 0.086927936435135 0.194741006392302 1550
"707" 15 29 1680 -0.20980896178483 0.140049280840029 1650
"708" 15 30 1800 -0.155816095157373 0.15607573339279 1850
"709" 15 31 1920 -0.173530837119496 0.128947812367533 1950
"710" 15 32 2160 -0.213550194391833 0.142054713119733 2150
"711" 15 33 2400 -0.192955145130436 0.00599021723342791 2450
"712" 15 34 2640 -0.300864137254632 -0.0377139141022808 2650
"713" 15 35 2880 -0.277720297359623 0.0372572020563913 2850
"714" 15 36 3120 -0.174717590373075 -0.0107086994932196 3150
"715" 15 37 3360 -0.100294801651937 -0.0605196338121295 3350
"716" 15 38 3600 -0.0342669870055051 -0.0530663005225596 3650
"717" 15 39 3840 0.052620311111208 -0.120291815894438 3850
"718" 15 40 4080 -0.00255560125946929 -0.0448889395523448 4050
"719" 15 41 4320 -0.00250077610133252 -0.0733773254250787 4350
"720" 15 42 4560 0.10763108112792 0.00765326289067793 4550
"721" 15 43 4800 -0.0224725406975836 -0.0957118308285585 4850
"722" 15 44 5040 -0.0660260549415661 -0.164356805924937 5050
"723" 15 45 5280 -0.19504846832527 -0.150668181653902 5250
"724" 15 46 5520 -0.358555730298877 -0.0210439829460139 5550
"725" 15 47 5760 -0.374927609543872 -0.136477505800373 5750
"726" 15 48 6000 -0.522129641247705 -0.00594699048315176 6050
"727" 15 49 6240 -0.349238854425128 -0.12642456906136 6250
"728" 15 50 6480 -0.459182357530506 0.113637340036139 6450
"729" 15 51 6720 -0.01756558418337 0.01053787145205 6750
"730" 15 52 6960 -0.121867672524828 -0.0133969763867944 6950
"731" 15 53 7200 -0.428032181506388 -0.069199887418529 7250
"732" 15 54 7440 0.405897056234478 0.248222441018736 7450
"733" 15 55 7680 0.292431278340098 0.999958266048506 7650
"734" 15 56 7920 -0.0949133181364611 0.594587022789712 7950
"735" 15 57 8160 NA NA 8150
"736" 16 17 120 0.915194219030808 0.892371552775251 150
"737" 16 18 240 0.824284452288438 0.812007996565703 250
"738" 16 19 360 0.677355130410865 0.736415244549148 350
"739" 16 20 480 0.596286230889503 0.353616484239026 450
"740" 16 21 600 0.440244611091701 0.270641255148186 650
"741" 16 22 720 0.396755074370737 0.221205095017533 750
"742" 16 23 840 0.28037967808589 0.146908823831676 850
"743" 16 24 960 0.180106954383367 0.0925412886854117 950
"744" 16 25 1080 0.171604542057687 0.116973120560105 1050
"745" 16 26 1200 0.30819093074446 0.165959638524855 1250
"746" 16 27 1320 0.044835171516883 0.0544093397682163 1350
"747" 16 28 1440 0.0930928609572075 0.0984800660603848 1450
"748" 16 29 1560 -0.148553995150229 -0.00504496857073731 1550
"749" 16 30 1680 -0.110925750043233 0.261056822835758 1650
"750" 16 31 1800 -0.150986048787244 0.233542493690907 1850
"751" 16 32 2040 -0.131819091891321 -0.00148409134134847 2050
"752" 16 33 2280 -0.167190677234393 -0.0681038924427979 2250
"753" 16 34 2520 -0.232992600898317 -0.0692684667553502 2550
"754" 16 35 2760 -0.259355117875291 -0.0264430248111721 2750
"755" 16 36 3000 -0.154438389317489 0.0952567428739172 3050
"756" 16 37 3240 -0.0778916161875072 -0.0350448718454798 3250
"757" 16 38 3480 -0.0391757737925742 0.0426063929441913 3450
"758" 16 39 3720 0.053276804541117 -0.14831624378735 3750
"759" 16 40 3960 0.044274852385162 -0.152376201557637 3950
"760" 16 41 4200 -0.0243954443094864 0.0235428074899786 4250
"761" 16 42 4440 0.130047103295278 0.0407760692144101 4450
"762" 16 43 4680 -0.0129180932661161 -0.0792898866589812 4650
"763" 16 44 4920 -0.0371893422309279 -0.254903841396381 4950
"764" 16 45 5160 -0.114804038085219 -0.270977902913344 5150
"765" 16 46 5400 -0.225457849157723 -0.104210474570351 5450
"766" 16 47 5640 -0.367480941856485 0.17549970235009 5650
"767" 16 48 5880 -0.354413868189368 0.409628591584258 5850
"768" 16 49 6120 -0.353861992552553 0.318729474211254 6150
"769" 16 50 6360 -0.555066910839334 0.267206222062308 6350
"770" 16 51 6600 -0.137737007922766 -0.161044805649675 6650
"771" 16 52 6840 -0.203087467571588 -0.324577249903865 6850
"772" 16 53 7080 -0.475822296918065 0.0460041567062538 7050
"773" 16 54 7320 0.228622230269308 0.453811133497741 7350
"774" 16 55 7560 0.80191972380748 0.521939409546159 7550
"775" 16 56 7800 0.513000745468823 0.99692102496741 7850
"776" 16 57 8040 NA NA 8050
"777" 17 18 120 0.899914589599098 0.933504862592946 150
"778" 17 19 240 0.779914590331612 0.877103998006014 250
"779" 17 20 360 0.700268119247812 0.488577988492325 350
"780" 17 21 480 0.576653970373823 0.401132600427315 450
"781" 17 22 600 0.524880659124227 0.273288398420255 650
"782" 17 23 720 0.391181727099025 0.106386018276593 750
"783" 17 24 840 0.319106322657941 0.0115848389487026 850
"784" 17 25 960 0.272524707182062 0.10170725091551 950
"785" 17 26 1080 0.335030219002 0.156875484156899 1050
"786" 17 27 1200 0.0290309098641103 0.0382276219887809 1250
"787" 17 28 1320 0.170293130549187 0.0140623284145164 1350
"788" 17 29 1440 -0.0789054499672009 -0.0911936666605386 1450
"789" 17 30 1560 -0.158237928905602 -0.0136871868187977 1550
"790" 17 31 1680 -0.0697509818814174 0.19957426517565 1650
"791" 17 32 1920 -0.089580957333296 0.0609269892988764 1950
"792" 17 33 2160 -0.162829961694443 0.0270955749909703 2150
"793" 17 34 2400 -0.251741603839347 0.0412813274592119 2450
"794" 17 35 2640 -0.268038538627072 0.014038262872709 2650
"795" 17 36 2880 -0.157599921610175 0.152913203888933 2850
"796" 17 37 3120 -0.116446060511159 -0.0285471984063035 3150
"797" 17 38 3360 -0.0177168496635777 0.0429402810058673 3350
"798" 17 39 3600 0.0993218063468288 0.0623306309371521 3650
"799" 17 40 3840 0.0176463722850502 -0.0626463044639881 3850
"800" 17 41 4080 -0.0104602509097697 0.111692222398926 4050
"801" 17 42 4320 0.0668107056615539 0.0592413388117703 4350
"802" 17 43 4560 -0.00547510182294996 -0.0426390310520903 4550
"803" 17 44 4800 -0.110396451782958 -0.133475304451521 4850
"804" 17 45 5040 -0.116115873629137 -0.212597531321919 5050
"805" 17 46 5280 -0.220999104712112 0.2076321339327 5250
"806" 17 47 5520 -0.326715792892354 0.122553412811937 5550
"807" 17 48 5760 -0.35184019672549 0.256762487802244 5750
"808" 17 49 6000 -0.581794642605404 0.0193259340695554 6050
"809" 17 50 6240 -0.639387056886276 -0.0564952751963646 6250
"810" 17 51 6480 -0.302601405881174 -0.436183589088876 6450
"811" 17 52 6720 -0.191197226653399 -0.378113445667599 6750
"812" 17 53 6960 -0.590853805586751 -0.0534653862998017 6950
"813" 17 54 7200 0.0250722926813079 0.483379984557414 7250
"814" 17 55 7440 0.857939673182654 0.0385812942187693 7450
"815" 17 56 7680 0.596731011141886 0.831482771095984 7650
"816" 17 57 7920 NA NA 7950
"817" 18 19 120 0.893877335333412 0.940997366479696 150
"818" 18 20 240 0.821960992190301 0.532463021023213 250
"819" 18 21 360 0.705940181068462 0.43331490674071 350
"820" 18 22 480 0.65461162830135 0.330546547967802 450
"821" 18 23 600 0.542456109136836 0.120406020199489 650
"822" 18 24 720 0.445494926531425 0.0514821929187105 750
"823" 18 25 840 0.398694543885615 0.104764955355038 850
"824" 18 26 960 0.405617841601426 0.136125756022022 950
"825" 18 27 1080 0.0706270444550157 0.0299507896438406 1050
"826" 18 28 1200 0.313886103411013 0.00254057197238206 1250
"827" 18 29 1320 0.000887282639739629 -0.136060632509537 1350
"828" 18 30 1440 -0.0480608929623733 0.14945010165878 1450
"829" 18 31 1560 -0.0304006830612914 0.198965971309473 1550
"830" 18 32 1800 -0.0597569660141118 0.229036049590691 1850
"831" 18 33 2040 -0.117597662633753 0.0810067948632277 2050
"832" 18 34 2280 -0.24305360002576 0.0260646668994206 2250
"833" 18 35 2520 -0.2932949556197 -0.0234227340607862 2550
"834" 18 36 2760 -0.153240614839604 0.0997591359663353 2750
"835" 18 37 3000 -0.0985552908643728 -0.0120328090703684 3050
"836" 18 38 3240 -0.0393758333635642 0.0349632257222596 3250
"837" 18 39 3480 0.0862019990837467 0.0458472380156846 3450
"838" 18 40 3720 0.00508915362429048 -0.0352246973658044 3750
"839" 18 41 3960 0.00920895758758024 0.0368990436546216 3950
"840" 18 42 4200 0.115099239866037 0.0543716262185591 4250
"841" 18 43 4440 0.0201406249441407 -0.118804115971119 4450
"842" 18 44 4680 -0.154496160101812 -0.184896025334413 4650
"843" 18 45 4920 -0.177887290647785 -0.219859903812403 4950
"844" 18 46 5160 -0.300693182619795 -0.0704293885450178 5150
"845" 18 47 5400 -0.371831257301336 -0.0957621276271936 5450
"846" 18 48 5640 -0.284128341738974 -0.123780408121655 5650
"847" 18 49 5880 -0.240604214889279 -0.374379730996698 5850
"848" 18 50 6120 -0.48029572641201 -0.135625380788807 6150
"849" 18 51 6360 -0.335557537419953 -0.29186692602022 6350
"850" 18 52 6600 -0.295022261610745 -0.236315109100839 6650
"851" 18 53 6840 -0.643845928252464 0.110465271581759 6850
"852" 18 54 7080 -0.0510316977880744 0.799215347581421 7050
"853" 18 55 7320 0.971069438145104 0.914737562737569 7350
"854" 18 56 7560 0.806284956273136 0.864197990774735 7550
"855" 18 57 7800 NA NA 7850
"856" 19 20 120 0.898204463964848 0.697676552744828 150
"857" 19 21 240 0.734639022866105 0.566429419241713 250
"858" 19 22 360 0.629672129250013 0.466185371511683 350
"859" 19 23 480 0.546705963373579 0.228873125064925 450
"860" 19 24 600 0.426720413375312 0.122435151155083 650
"861" 19 25 720 0.439318094324467 0.181335359559462 750
"862" 19 26 840 0.409376399320979 0.249811915616255 850
"863" 19 27 960 0.0717849691649304 0.0954535285889614 950
"864" 19 28 1080 0.267861315607277 0.0545284919303865 1050
"865" 19 29 1200 0.0977114884953922 -0.104379826357782 1250
"866" 19 30 1320 0.122953501332577 0.0811368409532546 1350
"867" 19 31 1440 0.110682586025346 0.180152811720513 1450
"868" 19 32 1680 0.066504453946676 0.209191450031084 1650
"869" 19 33 1920 -0.0384091876988603 0.115506704678933 1950
"870" 19 34 2160 -0.142073173049566 0.0453613521055502 2150
"871" 19 35 2400 -0.245183461450678 0.0872087459016388 2450
"872" 19 36 2640 -0.111360681025787 0.148995486466998 2650
"873" 19 37 2880 -0.0686470688319019 0.0206287138492863 2850
"874" 19 38 3120 -0.0813917771323688 0.0442134590606036 3150
"875" 19 39 3360 0.0551756852630361 -0.0170886483642762 3350
"876" 19 40 3600 0.0111176611690731 -0.0146774914631908 3650
"877" 19 41 3840 -0.0178948771511882 0.098174462691807 3850
"878" 19 42 4080 0.130297961351123 0.00672324669299141 4050
"879" 19 43 4320 0.1030452599508 -0.122124606129386 4350
"880" 19 44 4560 -0.131392997163436 -0.0594330192577833 4550
"881" 19 45 4800 -0.043714588471714 -0.187976151725468 4850
"882" 19 46 5040 -0.311748499855799 0.182921710658077 5050
"883" 19 47 5280 -0.334634335016709 0.0463008763903007 5250
"884" 19 48 5520 -0.21517732186356 -0.012480919509799 5550
"885" 19 49 5760 -0.259763213474748 -0.237484981268405 5750
"886" 19 50 6000 -0.452964951048858 -0.117284461895423 6050
"887" 19 51 6240 -0.270874986401124 -0.233654924169482 6250
"888" 19 52 6480 -0.0765153673248278 -0.320254043827768 6450
"889" 19 53 6720 -0.466566816096513 0.301541352567501 6750
"890" 19 54 6960 -0.303790113326416 0.384094693995128 6950
"891" 19 55 7200 0.213549196750924 0.698131023580283 7250
"892" 19 56 7440 0.57043156896547 0.989481625524652 7450
"893" 19 57 7680 NA NA 7650
"894" 20 21 120 0.898910403031029 0.840350564736189 150
"895" 20 22 240 0.791726630917871 0.681893854491558 250
"896" 20 23 360 0.665392473243255 0.528168268150698 350
"897" 20 24 480 0.598419924896134 0.336903228770688 450
"898" 20 25 600 0.575831742926691 0.250628584965549 650
"899" 20 26 720 0.558520170760321 0.297348305909502 750
"900" 20 27 840 0.188502908392223 0.103988276349683 850
"901" 20 28 960 0.40916986439336 0.0907600117374924 950
"902" 20 29 1080 0.239148520993615 -0.0200040503203154 1050
"903" 20 30 1200 0.169571063002048 0.00576342411211301 1250
"904" 20 31 1320 0.161169373396211 -0.0321284196017826 1350
"905" 20 32 1560 0.0170848972426572 0.0618555803666645 1550
"906" 20 33 1800 -0.0152416421119546 0.184179449104108 1850
"907" 20 34 2040 -0.263425936109314 0.123663087812333 2050
"908" 20 35 2280 -0.360949981425617 0.226521265826874 2250
"909" 20 36 2520 -0.278747386883516 0.186191087833078 2550
"910" 20 37 2760 -0.174265817185444 0.14482532213098 2750
"911" 20 38 3000 -0.232166928232381 0.0788921184423216 3050
"912" 20 39 3240 -0.0819406419284875 -0.0144549756728356 3250
"913" 20 40 3480 -0.0474695247915509 -0.0898742652790164 3450
"914" 20 41 3720 -0.157271375863798 0.0269178227284501 3750
"915" 20 42 3960 0.054406653125453 0.0176263137275473 3950
"916" 20 43 4200 -0.054162294874099 -0.0406365723857063 4250
"917" 20 44 4440 -0.315453118397028 -0.0469725876118793 4450
"918" 20 45 4680 -0.204269793889531 -0.210736843802037 4650
"919" 20 46 4920 -0.213877130408103 0.208525193302395 4950
"920" 20 47 5160 -0.271682637245633 0.0242739303546689 5150
"921" 20 48 5400 -0.175749774625863 -0.115885033848396 5450
"922" 20 49 5640 -0.0451333165958239 -0.0784147510826929 5650
"923" 20 50 5880 -0.240297709755343 -0.151298275023611 5850
"924" 20 51 6120 0.17566602638075 -0.185738719598729 6150
"925" 20 52 6360 0.34880059223112 -0.377908043393508 6350
"926" 20 53 6600 -0.130989784798822 0.242616124990771 6650
"927" 20 54 6840 -0.891244971837934 -0.257815635018602 6850
"928" 20 55 7080 1 -1 7050
"929" 20 56 7320 1 -1 7350
"930" 20 57 7560 NA NA 7550
"931" 21 22 120 0.908786703903322 0.822832538251825 150
"932" 21 23 240 0.724989071661666 0.668005712077783 250
"933" 21 24 360 0.69837441365946 0.505770963205244 350
"934" 21 25 480 0.625127208427188 0.379146500967113 450
"935" 21 26 600 0.550504005291503 0.338483420105082 650
"936" 21 27 720 0.275269212384011 0.0881674077073195 750
"937" 21 28 840 0.367839768599973 0.118572569599622 850
"938" 21 29 960 0.271056445034825 -0.069745362976138 950
"939" 21 30 1080 0.110531443559117 0.0469448793801136 1050
"940" 21 31 1200 0.168212130314225 -0.0211025963779971 1250
"941" 21 32 1440 0.166758789278679 0.0509426218244628 1450
"942" 21 33 1680 0.128858324323393 0.175176688329512 1650
"943" 21 34 1920 -0.135154603413333 0.119131061991791 1950
"944" 21 35 2160 -0.219524283727518 0.108049761879181 2150
"945" 21 36 2400 -0.183925044816864 0.0422893645410553 2450
"946" 21 37 2640 -0.141791633195361 -0.0198845479120022 2650
"947" 21 38 2880 -0.0828204665731922 -0.0656967671596254 2850
"948" 21 39 3120 0.0384131170927393 -0.0375521246120834 3150
"949" 21 40 3360 0.00530473111964087 -0.0849000806974382 3350
"950" 21 41 3600 -0.0415110407673873 -0.0235366102786995 3650
"951" 21 42 3840 0.049291382522359 0.114690675940462 3850
"952" 21 43 4080 0.0457796963352997 -0.0018387078977212 4050
"953" 21 44 4320 -0.293334894874624 -0.0661421053590814 4350
"954" 21 45 4560 -0.146685687914287 -0.212813449408177 4550
"955" 21 46 4800 -0.0864828657188026 0.145693946517518 4850
"956" 21 47 5040 -0.184611862955623 0.177556189714946 5050
"957" 21 48 5280 -0.000686800904478602 -0.0104282385363495 5250
"958" 21 49 5520 -0.0999898049458916 0.0672207892686842 5550
"959" 21 50 5760 0.0649472260591297 -0.026385382922126 5750
"960" 21 51 6000 0.204615283326375 0.0335388920920795 6050
"961" 21 52 6240 0.439525479158614 -0.198705662432526 6250
"962" 21 53 6480 0.152324638209864 0.453216968446617 6450
"963" 21 54 6720 -0.952479159829515 -0.42946779657056 6750
"964" 21 55 6960 1 1 6950
"965" 21 56 7200 1 1 7250
"966" 21 57 7440 NA NA 7450
"967" 22 23 120 0.853530984483252 0.820381168392954 150
"968" 22 24 240 0.810992861986467 0.692021749816724 250
"969" 22 25 360 0.685646418506681 0.585342787237293 350
"970" 22 26 480 0.611068095969025 0.440862861961868 450
"971" 22 27 600 0.279703307818689 0.157174168299167 650
"972" 22 28 720 0.46619634869875 0.293240517956173 750
"973" 22 29 840 0.335661263414301 -0.0222931147330026 850
"974" 22 30 960 0.243786742931554 0.0550800075371849 950
"975" 22 31 1080 0.20309643805389 0.0322173181725839 1050
"976" 22 32 1320 0.157002016236569 0.113089327639669 1350
"977" 22 33 1560 0.115302916105254 0.141535257226291 1550
"978" 22 34 1800 -0.101996418905807 0.0799405962312117 1850
"979" 22 35 2040 -0.207198372265268 0.0291602780455082 2050
"980" 22 36 2280 -0.139896849695133 -0.0487062749475675 2250
"981" 22 37 2520 -0.119893422386337 -0.119012647800163 2550
"982" 22 38 2760 -0.0203192287049749 -0.109455649552037 2750
"983" 22 39 3000 0.108703842932002 -0.104099239408386 3050
"984" 22 40 3240 0.0382763603172341 -0.116525820287126 3250
"985" 22 41 3480 -0.149653128181268 -0.0815570024364635 3450
"986" 22 42 3720 -0.0254571125141512 0.0388634911009346 3750
"987" 22 43 3960 -0.178768378726051 0.0483837469039275 3950
"988" 22 44 4200 -0.255900324484752 -0.0529139643995738 4250
"989" 22 45 4440 -0.137604284722694 -0.141934479007996 4450
"990" 22 46 4680 -0.0205438889484043 0.214375167982092 4650
"991" 22 47 4920 -0.0875661945836394 0.0757604849560563 4950
"992" 22 48 5160 0.111489130602571 -0.191504253109741 5150
"993" 22 49 5400 -0.0297828739466255 -0.237639831926698 5450
"994" 22 50 5640 0.0284106983099637 0.00384728505091657 5650
"995" 22 51 5880 0.110543826025824 0.263252399540508 5850
"996" 22 52 6120 0.201352584651966 -0.152390469216571 6150
"997" 22 53 6360 0.297273296521554 0.590626613511618 6350
"998" 22 54 6600 -1 1 6650
"999" 22 55 6840 1 -1 6850
"1000" 22 56 7080 1 -1 7050
"1001" 22 57 7320 NA NA 7350
"1002" 23 24 120 0.845363352496446 0.781145553303177 150
"1003" 23 25 240 0.733130436066219 0.648462208723617 250
"1004" 23 26 360 0.693677992603325 0.548301247531399 350
"1005" 23 27 480 0.421112266455619 0.252895428043971 450
"1006" 23 28 600 0.570573062007248 0.308795803720334 650
"1007" 23 29 720 0.389378348762636 0.11904284197609 750
"1008" 23 30 840 0.429228373819209 0.193518922208288 850
"1009" 23 31 960 0.29213268177174 -0.0586675502260773 950
"1010" 23 32 1200 0.087453242308524 0.00122699531288671 1250
"1011" 23 33 1440 -0.06598061748532 0.189541658170568 1450
"1012" 23 34 1680 -0.132067080375199 0.132145495814759 1650
"1013" 23 35 1920 -0.274093994894469 0.224301776245015 1950
"1014" 23 36 2160 -0.240120305255633 0.163915380108049 2150
"1015" 23 37 2400 -0.24193488620721 0.0665479354433305 2450
"1016" 23 38 2640 -0.112883711171259 0.0672493035716142 2650
"1017" 23 39 2880 -0.0869133996387308 0.025164893405998 2850
"1018" 23 40 3120 -0.122962499679994 -0.138062151792502 3150
"1019" 23 41 3360 -0.266200567291548 -0.112455851606325 3350
"1020" 23 42 3600 -0.156651441171563 -0.047300834349197 3650
"1021" 23 43 3840 -0.0567009715179295 -0.0562867640579074 3850
"1022" 23 44 4080 -0.271313809227163 -0.0109211942649455 4050
"1023" 23 45 4320 -0.22649772345265 -0.108253838953216 4350
"1024" 23 46 4560 -0.0243141933225309 0.0882552776030329 4550
"1025" 23 47 4800 0.11634570433471 0.121985069288748 4850
"1026" 23 48 5040 0.0232347956821568 -0.00561681425395932 5050
"1027" 23 49 5280 -0.253286755249286 0.147699634361499 5250
"1028" 23 50 5520 -0.322630154795619 0.147232794792369 5550
"1029" 23 51 5760 -0.16895731568083 0.0990784438659614 5750
"1030" 23 52 6000 0.0358428063981174 0.0410153740051213 6050
"1031" 23 53 6240 0.0165705680441612 0.11900053692721 6250
"1032" 23 54 6480 -0.826211927092114 0.725508755692204 6450
"1033" 23 55 6720 -1 1 6750
"1034" 23 56 6960 -1 1 6950
"1035" 23 57 7200 NA NA 7250
"1036" 24 25 120 0.905171757375083 0.792923773553886 150
"1037" 24 26 240 0.825670416162085 0.494677741926711 250
"1038" 24 27 360 0.56097960771151 0.374430513507733 350
"1039" 24 28 480 0.624473822342692 0.275410039679532 450
"1040" 24 29 600 0.570298355783423 0.160153991498415 650
"1041" 24 30 720 0.471769161379197 0.176468942057698 750
"1042" 24 31 840 0.386971861967599 0.0430971603150624 850
"1043" 24 32 1080 0.222760914778685 -0.00488740534273047 1050
"1044" 24 33 1320 0.0923675445640928 0.144322739613959 1350
"1045" 24 34 1560 -0.0920734797993018 -0.051794896721159 1550
"1046" 24 35 1800 -0.315061478084064 -0.0627767223392141 1850
"1047" 24 36 2040 -0.271033614674754 -0.055699049559337 2050
"1048" 24 37 2280 -0.339782564342442 -0.0994876322033269 2250
"1049" 24 38 2520 -0.211045238494427 -0.158420799193375 2550
"1050" 24 39 2760 -0.121764895053173 -0.161408799465245 2750
"1051" 24 40 3000 -0.0823613638788829 -0.151816889769312 3050
"1052" 24 41 3240 -0.304474520522712 -0.112286542633005 3250
"1053" 24 42 3480 -0.186453615927796 -0.0189255171327087 3450
"1054" 24 43 3720 -0.255846277355423 0.0280271811666929 3750
"1055" 24 44 3960 -0.34804760990802 -0.00339351751613061 3950
"1056" 24 45 4200 -0.291885792532098 -0.028829212612614 4250
"1057" 24 46 4440 0.00853428716442305 -0.0594936008265236 4450
"1058" 24 47 4680 0.308055316073356 -0.0438430104018449 4650
"1059" 24 48 4920 0.0872319521642592 -0.222252722413036 4950
"1060" 24 49 5160 -0.0896305158934804 0.0289577381564058 5150
"1061" 24 50 5400 0.0532474722957895 0.0408942433687171 5450
"1062" 24 51 5640 0.262103461333318 0.37784422186464 5650
"1063" 24 52 5880 0.429892836889264 0.322593149125018 5850
"1064" 24 53 6120 0.713473625451265 0.559558668580156 6150
"1065" 24 54 6360 NA NA 6350
"1066" 24 55 6600 -1 1 6650
"1067" 24 56 6840 -1 1 6850
"1068" 24 57 7080 NA NA 7050
"1069" 25 26 120 0.904015088811989 0.762003841847348 150
"1070" 25 27 240 0.646273641350828 0.542257310187542 250
"1071" 25 28 360 0.639598543904884 0.503546010140113 350
"1072" 25 29 480 0.632372001798457 0.169119206639118 450
"1073" 25 30 600 0.538927143570239 0.34376237404346 650
"1074" 25 31 720 0.500640101555606 0.17017965234582 750
"1075" 25 32 960 0.267823463815133 0.0825968977641673 950
"1076" 25 33 1200 0.266677700748695 0.206199888219847 1250
"1077" 25 34 1440 0.0400912258040352 0.140315522104148 1450
"1078" 25 35 1680 -0.1695577308235 0.120234449034409 1650
"1079" 25 36 1920 -0.159467379545341 -0.0128072688924115 1950
"1080" 25 37 2160 -0.14753919166193 -0.166155763529102 2150
"1081" 25 38 2400 -0.129607471875276 -0.0831842416476458 2450
"1082" 25 39 2640 -0.117063789652505 -0.0383464019633333 2650
"1083" 25 40 2880 -0.113506786622415 -0.0533177918422186 2850
"1084" 25 41 3120 -0.189115440414836 -0.159353214359294 3150
"1085" 25 42 3360 -0.198055661794154 0.0778076533927382 3350
"1086" 25 43 3600 -0.235719052164226 -0.119567006715261 3650
"1087" 25 44 3840 -0.389525458264476 0.00346327764477701 3850
"1088" 25 45 4080 -0.224036378041058 0.0666143405824101 4050
"1089" 25 46 4320 0.0777199218815974 0.129540750416171 4350
"1090" 25 47 4560 0.0996556754521457 0.231464628571234 4550
"1091" 25 48 4800 0.0214569063459927 0.092187943627816 4850
"1092" 25 49 5040 -0.0845606203399026 0.00818456428788591 5050
"1093" 25 50 5280 0.174765830332198 0.0792960703049146 5250
"1094" 25 51 5520 0.421173826857347 0.335412095569424 5550
"1095" 25 52 5760 0.509920963385786 0.373028894042615 5750
"1096" 25 53 6000 0.663804871523116 0.480981322444243 6050
"1097" 25 54 6240 NA NA 6250
"1098" 25 55 6480 -1 1 6450
"1099" 25 56 6720 -1 1 6750
"1100" 25 57 6960 NA NA 6950
"1101" 26 27 120 0.872435345009944 0.918790992435142 150
"1102" 26 28 240 0.739616769108076 0.85334103782984 250
"1103" 26 29 360 0.711180627867826 0.397153603567037 350
"1104" 26 30 480 0.579499827841969 0.665173613151855 450
"1105" 26 31 600 0.597273833581011 0.46651868069155 650
"1106" 26 32 840 0.263223084979806 0.198108924650128 850
"1107" 26 33 1080 0.259911853697675 0.294593855108143 1050
"1108" 26 34 1320 0.120315570605595 0.101453707553623 1350
"1109" 26 35 1560 -0.129722872236566 0.247512651943625 1550
"1110" 26 36 1800 -0.244372575265291 0.254322805714786 1850
"1111" 26 37 2040 -0.150496609084542 0.0357353295780771 2050
"1112" 26 38 2280 -0.0933839320311326 0.202859304900764 2250
"1113" 26 39 2520 -0.0856254502618946 0.0454342357710818 2550
"1114" 26 40 2760 -0.113876683968146 -0.0218185901156052 2750
"1115" 26 41 3000 -0.0388472409565111 0.0859580338938268 3050
"1116" 26 42 3240 -0.0817669141740859 0.644655372756297 3250
"1117" 26 43 3480 -0.20685462500369 0.0101070056943496 3450
"1118" 26 44 3720 -0.333408499186822 0.0630317621755603 3750
"1119" 26 45 3960 -0.222147428761511 -0.0998932326326941 3950
"1120" 26 46 4200 -0.100146046743578 0.136408079796735 4250
"1121" 26 47 4440 -0.226960424547976 0.243222029369784 4450
"1122" 26 48 4680 -0.395052138016564 0.30717416177053 4650
"1123" 26 49 4920 -0.332285319864059 0.0943697074869457 4950
"1124" 26 50 5160 -0.363473002675191 -0.031477298855203 5150
"1125" 26 51 5400 -0.0284894407986025 -0.127374071917694 5450
"1126" 26 52 5640 -0.314903773476477 0.7699025237543 5650
"1127" 26 53 5880 -0.283820901723571 0.65596654070664 5850
"1128" 26 54 6120 -0.697098025982806 0.0464191498875209 6150
"1129" 26 55 6360 NA NA 6350
"1130" 26 56 6600 NA NA 6650
"1131" 26 57 6840 NA NA 6850
"1132" 27 28 120 0.850841790847708 0.879825566267211 150
"1133" 27 29 240 0.764834663223493 0.497073822465712 250
"1134" 27 30 360 0.587096296662437 0.416061822269503 350
"1135" 27 31 480 0.588321678849842 0.339720379527714 450
"1136" 27 32 720 0.283196871915739 0.289212308633859 750
"1137" 27 33 960 0.289832242432635 0.181408748877162 950
"1138" 27 34 1200 0.254007842049506 -0.0025937415942722 1250
"1139" 27 35 1440 0.197408417698266 -0.0706844959730199 1450
"1140" 27 36 1680 -0.0836129000902547 -0.135580665427022 1650
"1141" 27 37 1920 -0.192945573694894 -0.166546669508825 1950
"1142" 27 38 2160 -0.184635587319474 0.0473903903811696 2150
"1143" 27 39 2400 -0.132852625267719 0.0383288625573624 2450
"1144" 27 40 2640 -0.149795163793241 -0.150616494470883 2650
"1145" 27 41 2880 -0.163125547892484 -0.120300422215847 2850
"1146" 27 42 3120 -0.21219263314269 -0.0211045742621166 3150
"1147" 27 43 3360 -0.217969255786262 0.0688023261350716 3350
"1148" 27 44 3600 -0.240288177609965 -0.0502079294625837 3650
"1149" 27 45 3840 -0.0579544924903237 -0.0791749475481348 3850
"1150" 27 46 4080 -0.0431589108750214 0.0277483411130336 4050
"1151" 27 47 4320 -0.0102574079732206 -0.0471394174521765 4350
"1152" 27 48 4560 -0.0489717050522105 0.238557636400335 4550
"1153" 27 49 4800 0.0463234045303827 0.0631141032834688 4850
"1154" 27 50 5040 0.322903318283703 0.360917915462468 5050
"1155" 27 51 5280 0.122986627931911 0.030333042187867 5250
"1156" 27 52 5520 -0.168013947518796 0.437185687307847 5550
"1157" 27 53 5760 -0.307808016495724 0.375853306978347 5750
"1158" 27 54 6000 -0.661236275342855 -0.287217451802124 6050
"1159" 27 55 6240 1 1 6250
"1160" 27 56 6480 1 1 6450
"1161" 27 57 6720 NA NA 6750
"1162" 28 29 120 0.894220101314545 0.773536715459246 150
"1163" 28 30 240 0.815575799377829 0.845862671263303 250
"1164" 28 31 360 0.810468917675271 0.613190701223661 350
"1165" 28 32 600 0.457681453956692 0.36643791486437 650
"1166" 28 33 840 0.235946188437474 0.126124523436529 850
"1167" 28 34 1080 0.238368027388776 -0.132564908839463 1050
"1168" 28 35 1320 0.107119964640581 0.0334963047069267 1350
"1169" 28 36 1560 -0.120763538033913 0.167978757234801 1550
"1170" 28 37 1800 -0.132594211626121 0.00986286100186645 1850
"1171" 28 38 2040 -0.151229385597227 0.23353135750324 2050
"1172" 28 39 2280 0.0143327293188956 0.00407309130057528 2250
"1173" 28 40 2520 0.00874995309045684 -0.0754605173380915 2550
"1174" 28 41 2760 -0.212302016413533 0.123683609908995 2750
"1175" 28 42 3000 0.0366772711729909 0.651108601976823 3050
"1176" 28 43 3240 0.126176768060457 0.160732720305224 3250
"1177" 28 44 3480 0.19898745823782 0.0575169030651335 3450
"1178" 28 45 3720 0.325146136625642 -0.0257875113730588 3750
"1179" 28 46 3960 0.303117911698243 0.321299448214032 3950
"1180" 28 47 4200 0.492701090360728 0.412117191553391 4250
"1181" 28 48 4440 0.0168724592632102 0.386310961873315 4450
"1182" 28 49 4680 0.0231126223598217 0.101301637210924 4650
"1183" 28 50 4920 0.0640439974203248 0.211190696108254 4950
"1184" 28 51 5160 0.0520760442979396 0.435799383722021 5150
"1185" 28 52 5400 -0.16611548082888 0.646144042958087 5450
"1186" 28 53 5640 -0.451229497657604 0.30026128488465 5650
"1187" 28 54 5880 -0.950295157450084 -0.817362317131622 5850
"1188" 28 55 6120 -1 1 6150
"1189" 28 56 6360 -1 1 6350
"1190" 28 57 6600 NA NA 6650
"1191" 29 30 120 0.845604092617517 0.629939181823176 150
"1192" 29 31 240 0.822413082267372 0.501623865948705 250
"1193" 29 32 480 0.524008400982404 0.348004031942647 450
"1194" 29 33 720 0.438070369182735 0.203469926670234 750
"1195" 29 34 960 0.393618848712963 0.0378656285444829 950
"1196" 29 35 1200 0.216764445915351 -0.00363603833803664 1250
"1197" 29 36 1440 0.0148370262114979 0.164418641886261 1450
"1198" 29 37 1680 -0.0648856040680824 0.196730306389078 1650
"1199" 29 38 1920 -0.0527221545201537 0.0930639148826184 1950
"1200" 29 39 2160 -0.00151601108175999 0.247011931582295 2150
"1201" 29 40 2400 0.0494277142608067 0.0630127179258345 2450
"1202" 29 41 2640 -0.154688146270555 0.348221109472195 2650
"1203" 29 42 2880 -0.0877802879360285 0.259317847897361 2850
"1204" 29 43 3120 -0.216701245629744 -0.104867770555936 3150
"1205" 29 44 3360 -0.0393982752010046 0.0959356491131795 3350
"1206" 29 45 3600 0.124408038721304 -0.0108373209950646 3650
"1207" 29 46 3840 0.0393365018596073 -0.101523593459299 3850
"1208" 29 47 4080 0.332541816974465 0.257126082931915 4050
"1209" 29 48 4320 0.217174134668092 0.342323652066377 4350
"1210" 29 49 4560 0.31179935523593 0.380411927158231 4550
"1211" 29 50 4800 0.184907487672218 0.18409728651034 4850
"1212" 29 51 5040 -0.049761605179023 0.0627819164706204 5050
"1213" 29 52 5280 0.155528637993749 0.238067342483932 5250
"1214" 29 53 5520 0.0453587725033665 -0.35339007817724 5550
"1215" 29 54 5760 -0.748944932864589 0.151673608374613 5750
"1216" 29 55 6000 -0.845428647092029 -0.0677433882538745 6050
"1217" 29 56 6240 -0.985312059179977 0.767790362350074 6250
"1218" 29 57 6480 NA NA 6450
"1219" 30 31 120 0.901882979711679 0.803493386921136 150
"1220" 30 32 360 0.64831984903934 0.351960401704703 350
"1221" 30 33 600 0.489459974443096 0.197140999055131 650
"1222" 30 34 840 0.440599681739014 0.00196448995167479 850
"1223" 30 35 1080 0.263768890784708 0.318126031926566 1050
"1224" 30 36 1320 0.108198673904849 0.4077045219325 1350
"1225" 30 37 1560 0.0341060198533496 0.389588249228435 1550
"1226" 30 38 1800 -0.0692448693634473 0.343075901519957 1850
"1227" 30 39 2040 -0.033125669687689 0.125544226541094 2050
"1228" 30 40 2280 0.0327253819486503 -0.0348151813272259 2250
"1229" 30 41 2520 -0.12514651394718 -0.0664250730450247 2550
"1230" 30 42 2760 0.00722075892741443 0.67037729555721 2750
"1231" 30 43 3000 -0.114651109480733 -0.0611957543449045 3050
"1232" 30 44 3240 -0.0325535187887702 -0.12364265174826 3250
"1233" 30 45 3480 0.223978419166677 -0.14342799256831 3450
"1234" 30 46 3720 0.215383646914213 -0.318505752034753 3750
"1235" 30 47 3960 0.440003399022592 -0.593763064529443 3950
"1236" 30 48 4200 0.0944187167952204 -0.321690986604797 4250
"1237" 30 49 4440 0.10331763206067 -0.0438938328886576 4450
"1238" 30 50 4680 -0.211519341006783 -0.183721759710794 4650
"1239" 30 51 4920 0.079999565646249 0.199954365103069 4950
"1240" 30 52 5160 0.331384434456583 0.120128287761456 5150
"1241" 30 53 5400 0.298938693736083 0.583792835216284 5450
"1242" 30 54 5640 0.273295760686942 -0.66928126459187 5650
"1243" 30 55 5880 NA NA 5850
"1244" 30 56 6120 NA NA 6150
"1245" 30 57 6360 NA NA 6350
"1246" 31 32 240 0.747604161678892 0.69952341153899 250
"1247" 31 33 480 0.454109659704784 0.364319822289297 450
"1248" 31 34 720 0.404491499905741 0.112624554553336 750
"1249" 31 35 960 0.250302238669544 0.128004921128496 950
"1250" 31 36 1200 0.197913358837625 0.0451743032598323 1250
"1251" 31 37 1440 0.0980697445198189 0.0276926400935701 1450
"1252" 31 38 1680 0.0845319332936586 0.205692176960329 1650
"1253" 31 39 1920 0.10010081370962 0.0568974406578132 1950
"1254" 31 40 2160 0.0633248732638411 0.022837689310282 2150
"1255" 31 41 2400 -0.144468455386329 0.0975011517711829 2450
"1256" 31 42 2640 -0.104573716507843 0.306151645555754 2650
"1257" 31 43 2880 -0.284552352085852 -0.282442866717249 2850
"1258" 31 44 3120 -0.239139356354865 -0.200558485570827 3150
"1259" 31 45 3360 -0.00657283534560575 0.038933511552428 3350
"1260" 31 46 3600 -0.0521809709146529 -0.219918305864161 3650
"1261" 31 47 3840 0.274141840892738 -0.277339147342879 3850
"1262" 31 48 4080 0.159787402618717 0.053418671505693 4050
"1263" 31 49 4320 0.137039198474215 -0.100024316796041 4350
"1264" 31 50 4560 -0.0393842759710752 -0.201193171812984 4550
"1265" 31 51 4800 -0.162946094848315 0.222508635314409 4850
"1266" 31 52 5040 0.270552327257257 0.176081185848653 5050
"1267" 31 53 5280 0.519296650560931 0.750291905068391 5250
"1268" 31 54 5520 0.778705951782305 0.673436886303408 5550
"1269" 31 55 5760 0.342152344753009 0.837918535786764 5750
"1270" 31 56 6000 -0.0426052331502571 0.933822685967096 6050
"1271" 31 57 6240 NA NA 6250
"1272" 32 33 240 0.714850199486361 0.595779347760106 250
"1273" 32 34 480 0.657606982327656 0.209781327500484 450
"1274" 32 35 720 0.555487123410719 0.250815336263245 750
"1275" 32 36 960 0.434179435294106 0.0358866478569501 950
"1276" 32 37 1200 0.361675725761134 0.120381177235457 1250
"1277" 32 38 1440 0.345483738620354 0.113510159936342 1450
"1278" 32 39 1680 0.353404297800956 0.085793549275674 1650
"1279" 32 40 1920 0.34893867190455 0.000688427335328404 1950
"1280" 32 41 2160 0.110203686760182 0.143927818002827 2150
"1281" 32 42 2400 0.125769761691884 0.0253405718279629 2450
"1282" 32 43 2640 -0.0599962409172259 -0.205556987011832 2650
"1283" 32 44 2880 -0.0400208435821159 -0.17860072125919 2850
"1284" 32 45 3120 0.0167105407267786 -0.0764935592363067 3150
"1285" 32 46 3360 -0.297862647606718 0.118049697118463 3350
"1286" 32 47 3600 -0.0509140007568085 -0.428733622348821 3650
"1287" 32 48 3840 -0.100763778120006 -0.311476052156377 3850
"1288" 32 49 4080 0.193760840437993 -0.00115134287597776 4050
"1289" 32 50 4320 -0.0983338132971339 -0.0851038286542811 4350
"1290" 32 51 4560 -0.105376391282139 -0.243368863437578 4550
"1291" 32 52 4800 0.312415418168958 -0.122960137582033 4850
"1292" 32 53 5040 0.876207524465151 0.867601365045621 5050
"1293" 32 54 5280 0.931204061070954 0.720191959359508 5250
"1294" 32 55 5520 0.976175571916336 0.655368185935088 5550
"1295" 32 56 5760 0.985055088741809 0.996213177986256 5750
"1296" 32 57 6000 NA NA 6050
"1297" 33 34 240 0.775587781220214 0.608840524558115 250
"1298" 33 35 480 0.632008010321867 0.485222449704744 450
"1299" 33 36 720 0.497103490895877 0.365504810429726 750
"1300" 33 37 960 0.341746989491785 0.318031858883098 950
"1301" 33 38 1200 0.284594551785543 0.172565081810882 1250
"1302" 33 39 1440 0.242659375982694 0.187851804234376 1450
"1303" 33 40 1680 0.28701188164253 0.0258283821264674 1650
"1304" 33 41 1920 0.0256643319435057 0.182686294231163 1950
"1305" 33 42 2160 -0.0799480260812315 0.027517290668536 2150
"1306" 33 43 2400 -0.398974667291734 -0.210358578815178 2450
"1307" 33 44 2640 -0.10456654590096 0.0711700960099741 2650
"1308" 33 45 2880 -0.0776149791816312 -0.0475401632816731 2850
"1309" 33 46 3120 -0.159359587098192 0.128811423521839 3150
"1310" 33 47 3360 -0.222265654911748 -0.0581601190378357 3350
"1311" 33 48 3600 -0.182823755319714 0.0288590319653488 3650
"1312" 33 49 3840 0.475289269858448 0.52907606159687 3850
"1313" 33 50 4080 0.265363515068451 0.472005816701673 4050
"1314" 33 51 4320 0.499907596548966 0.137929339213551 4350
"1315" 33 52 4560 0.571111080886164 0.35921414145604 4550
"1316" 33 53 4800 0.869250629710757 0.874196974041927 4850
"1317" 33 54 5040 0.912048572082831 0.204176610220664 5050
"1318" 33 55 5280 0.904143877562228 -0.0668244431061035 5250
"1319" 33 56 5520 0.998770167148884 0.768380143097459 5550
"1320" 33 57 5760 NA NA 5750
"1321" 34 35 240 0.83219508065905 0.592205949655059 250
"1322" 34 36 480 0.710343729952626 0.667020905997023 450
"1323" 34 37 720 0.568254698412469 0.627772047564206 750
"1324" 34 38 960 0.465842312593622 0.543441316037555 950
"1325" 34 39 1200 0.409227911899145 0.514822758195865 1250
"1326" 34 40 1440 0.357964460112057 0.416245454859582 1450
"1327" 34 41 1680 0.109642269265247 0.20704049465469 1650
"1328" 34 42 1920 0.071738456651043 0.178619903819518 1950
"1329" 34 43 2160 -0.116008674536234 0.0486567506839981 2150
"1330" 34 44 2400 0.257792522126239 0.152601531432061 2450
"1331" 34 45 2640 0.117163601367165 -0.126910938430768 2650
"1332" 34 46 2880 0.0646902618319114 0.333206542422634 2850
"1333" 34 47 3120 0.177789803034853 -0.00610592065594382 3150
"1334" 34 48 3360 0.301480992670467 -0.0362649175476081 3350
"1335" 34 49 3600 0.270620318658669 0.644563420944752 3650
"1336" 34 50 3840 0.177695636626085 0.460305597008826 3850
"1337" 34 51 4080 -0.069350910967954 0.251780706655918 4050
"1338" 34 52 4320 -0.323408676517765 -0.142745421783655 4350
"1339" 34 53 4560 -0.551875163142854 0.89808883852223 4550
"1340" 34 54 4800 1 1 4850
"1341" 34 55 5040 0.984891514668753 -0.221838580110933 5050
"1342" 34 56 5280 0.844120017537399 0.658994312148023 5250
"1343" 34 57 5520 NA NA 5550
"1344" 35 36 240 0.785747977001291 0.765491115184068 250
"1345" 35 37 480 0.693163012892472 0.635307470869568 450
"1346" 35 38 720 0.57783883011677 0.496628663106155 750
"1347" 35 39 960 0.471792327684447 0.245179701979876 950
"1348" 35 40 1200 0.470646101916917 0.258826919277793 1250
"1349" 35 41 1440 0.14412550213418 0.105327018190099 1450
"1350" 35 42 1680 0.160519242891266 0.245560108796787 1650
"1351" 35 43 1920 -0.0508100819714822 0.0494291353125499 1950
"1352" 35 44 2160 0.275366295478182 -0.144769155971993 2150
"1353" 35 45 2400 0.223768190406667 -0.185896083010158 2450
"1354" 35 46 2640 0.12513451677537 0.121722632405562 2650
"1355" 35 47 2880 0.237414884930918 -0.134754036189646 2850
"1356" 35 48 3120 0.010497597313884 -0.0221513965182822 3150
"1357" 35 49 3360 0.079728656985113 0.39808045148999 3350
"1358" 35 50 3600 0.163806839571338 0.286803067501199 3650
"1359" 35 51 3840 0.226427207863116 -0.202358000857634 3850
"1360" 35 52 4080 -0.091767860704012 -0.298161772967077 4050
"1361" 35 53 4320 0.503842343267927 0.896176456858221 4350
"1362" 35 54 4560 0.814354279893059 0.328008252869738 4550
"1363" 35 55 4800 0.642178054204139 -0.221527277509516 4850
"1364" 35 56 5040 0.886238540651567 0.659234398643353 5050
"1365" 35 57 5280 NA NA 5250
"1366" 36 37 240 0.861097688675343 0.877565437204091 250
"1367" 36 38 480 0.744989370187864 0.684954338522681 450
"1368" 36 39 720 0.615304207481262 0.456003485908852 750
"1369" 36 40 960 0.515429741861573 0.389232102178614 950
"1370" 36 41 1200 0.248532890751539 0.4246207926244 1250
"1371" 36 42 1440 0.358316245876994 0.39220206701246 1450
"1372" 36 43 1680 0.0661566300201672 0.113734666351296 1650
"1373" 36 44 1920 0.310963341115907 0.0298600452439087 1950
"1374" 36 45 2160 0.202800249701689 -0.197394579098156 2150
"1375" 36 46 2400 0.194285321730508 0.101509605662835 2450
"1376" 36 47 2640 0.176501582505887 0.155773623483331 2650
"1377" 36 48 2880 0.190047458368731 0.111970859051984 2850
"1378" 36 49 3120 -0.461129885533692 0.832589905967456 3150
"1379" 36 50 3360 -0.272672645829133 0.200521313454007 3350
"1380" 36 51 3600 -0.269146395313294 0.195222765546545 3650
"1381" 36 52 3840 -0.447358795896283 -0.0634446376549529 3850
"1382" 36 53 4080 -0.279489604108707 0.325114073829386 4050
"1383" 36 54 4320 0.0688899043363385 0.365224992311574 4350
"1384" 36 55 4560 0.952206924887725 -0.222135308536681 4550
"1385" 36 56 4800 0.996688052663094 0.658765386961519 4850
"1386" 36 57 5040 NA NA 5050
"1387" 37 38 240 0.864524581880061 0.783494668995264 250
"1388" 37 39 480 0.686455050182544 0.62811276939145 450
"1389" 37 40 720 0.532062570798397 0.564676976194713 750
"1390" 37 41 960 0.37475618203996 0.67226358097138 950
"1391" 37 42 1200 0.439256854980228 0.270326308727268 1250
"1392" 37 43 1440 0.0516509352646198 0.12087938004671 1450
"1393" 37 44 1680 0.281569970357324 0.0724248421539046 1650
"1394" 37 45 1920 0.22547706122444 -0.142393343848386 1950
"1395" 37 46 2160 0.16450511335003 0.0670769707009998 2150
"1396" 37 47 2400 0.100053815265989 0.208605707217729 2450
"1397" 37 48 2640 -0.109597917106875 0.158193728846059 2650
"1398" 37 49 2880 -0.602362885746967 0.822931677224221 2850
"1399" 37 50 3120 -0.560832868148136 0.140227571774653 3150
"1400" 37 51 3360 -0.303542251780851 0.0709922952084484 3350
"1401" 37 52 3600 -0.588138938436845 -0.000156616316190258 3650
"1402" 37 53 3840 -0.481056507372982 0.107064583358297 3850
"1403" 37 54 4080 -0.26530869633701 0.529197990221871 4050
"1404" 37 55 4320 0.938385109414244 -0.105679392833513 4350
"1405" 37 56 4560 0.999241319765143 0.742840549753385 4550
"1406" 37 57 4800 NA NA 4850
"1407" 38 39 240 0.867620958477763 0.833031275978383 250
"1408" 38 40 480 0.703310485214064 0.637608966437311 450
"1409" 38 41 720 0.520342687966403 0.310436414627838 750
"1410" 38 42 960 0.512367120598261 0.273593583510256 950
"1411" 38 43 1200 0.252880775042703 0.355319703086427 1250
"1412" 38 44 1440 0.307203512946768 0.0316127463740991 1450
"1413" 38 45 1680 0.121565417466499 0.149721538613296 1650
"1414" 38 46 1920 0.14677280843532 0.315776257186585 1950
"1415" 38 47 2160 0.043187174336303 0.211162227716989 2150
"1416" 38 48 2400 -0.17633805376405 0.232535884885751 2450
"1417" 38 49 2640 -0.746337329325616 0.740345983531627 2650
"1418" 38 50 2880 -0.658561302747433 0.333950155008768 2850
"1419" 38 51 3120 -0.406912350687334 0.174389220547344 3150
"1420" 38 52 3360 -0.470662763617466 0.00581451654367831 3350
"1421" 38 53 3600 -0.441744361239191 -0.0766869281107704 3650
"1422" 38 54 3840 -0.094239661301039 0.479659349509789 3850
"1423" 38 55 4080 1 1 4050
"1424" 38 56 4320 1 1 4350
"1425" 38 57 4560 NA NA 4550
"1426" 39 40 240 0.8261512152599 0.850229810765692 250
"1427" 39 41 480 0.642187832413017 0.603026741295491 450
"1428" 39 42 720 0.61808529972418 0.590393596336798 750
"1429" 39 43 960 0.338793731627199 0.455451701605442 950
"1430" 39 44 1200 0.448889156118953 0.401790075545272 1250
"1431" 39 45 1440 0.265833835314734 0.0491015683424303 1450
"1432" 39 46 1680 0.153758611388622 0.459317595170376 1650
"1433" 39 47 1920 0.0974540241472055 0.457890693680884 1950
"1434" 39 48 2160 -0.0602722310496832 0.278012202354761 2150
"1435" 39 49 2400 -0.293058790817531 0.290675347997786 2450
"1436" 39 50 2640 -0.486086731657382 -0.119503430774867 2650
"1437" 39 51 2880 -0.582141646815348 -0.101949161848244 2850
"1438" 39 52 3120 -0.466071681409439 0.55281311326535 3150
"1439" 39 53 3360 -0.275689143962143 0.191076552368399 3350
"1440" 39 54 3600 -0.0577535996467338 0.341090095986045 3650
"1441" 39 55 3840 1 1 3850
"1442" 39 56 4080 1 1 4050
"1443" 39 57 4320 NA NA 4350
"1444" 40 41 240 0.603969905065188 0.6961376139783 250
"1445" 40 42 480 0.684860949036375 0.362728004350832 450
"1446" 40 43 720 0.340009553213728 0.438770614400629 750
"1447" 40 44 960 0.542815352873562 0.436748982452882 950
"1448" 40 45 1200 0.27124825913048 0.231824108159116 1250
"1449" 40 46 1440 0.0883322382383616 0.349454422968959 1450
"1450" 40 47 1680 0.150529708149899 0.747446206687194 1650
"1451" 40 48 1920 -0.130258803886814 0.592519408433639 1950
"1452" 40 49 2160 0.133848761792278 0.366734425724166 2150
"1453" 40 50 2400 -0.383226385213981 -0.121054868208251 2450
"1454" 40 51 2640 -0.365964971345155 0.308184184319042 2650
"1455" 40 52 2880 -0.0741057015962222 0.528629206317041 2850
"1456" 40 53 3120 0.158650981277749 0.410708668280677 3150
"1457" 40 54 3360 0.218407777184201 0.269533585404242 3350
"1458" 40 55 3600 1 1 3650
"1459" 40 56 3840 1 1 3850
"1460" 40 57 4080 NA NA 4050
"1461" 41 42 240 0.756470766417413 0.754296386861803 250
"1462" 41 43 480 0.514781762269868 0.245316981205393 450
"1463" 41 44 720 0.483095164301455 0.433478603056651 750
"1464" 41 45 960 0.379546623563376 0.162531409051063 950
"1465" 41 46 1200 0.330254175421819 0.346818856938341 1250
"1466" 41 47 1440 0.0451932839837589 0.564063373751696 1450
"1467" 41 48 1680 -0.21507552634338 0.376023903636267 1650
"1468" 41 49 1920 -0.147022925698396 0.76453170260985 1950
"1469" 41 50 2160 -0.382324299140149 -0.0234911911151558 2150
"1470" 41 51 2400 -0.417374448363796 -0.0727192229121358 2450
"1471" 41 52 2640 -0.21515124932126 0.779437943314848 2650
"1472" 41 53 2880 -0.144186141243443 -0.00570827211720511 2850
"1473" 41 54 3120 0.0566327059943664 0.270379093413042 3150
"1474" 41 55 3360 0.815531367927496 -0.24482154999288 3350
"1475" 41 56 3600 0.532729114035507 0.641034124500842 3650
"1476" 41 57 3840 NA NA 3850
"1477" 42 43 240 0.754774742143519 0.657479195244376 250
"1478" 42 44 480 0.56346620787781 0.52763318418214 450
"1479" 42 45 720 0.392350146412936 0.233257312598335 750
"1480" 42 46 960 0.389798198977879 0.403054268608901 950
"1481" 42 47 1200 0.36165889279768 0.578545625867945 1250
"1482" 42 48 1440 0.0126613370376531 0.317217492793855 1450
"1483" 42 49 1680 -0.0225035005119722 0.724603191607902 1650
"1484" 42 50 1920 -0.322013157232469 0.106559649533637 1950
"1485" 42 51 2160 -0.36783893255778 0.340632279006726 2150
"1486" 42 52 2400 -0.0586228445015053 0.114711899056371 2450
"1487" 42 53 2640 -0.37026974738808 -0.026942002406987 2650
"1488" 42 54 2880 -0.549606974911842 0.218337018969907 2850
"1489" 42 55 3120 -0.960419401390732 -0.237371254054989 3150
"1490" 42 56 3360 -0.994007333368699 0.646907196378809 3350
"1491" 42 57 3600 NA NA 3650
"1492" 43 44 240 0.564399186806809 0.530939623553607 250
"1493" 43 45 480 0.57293998294846 0.183536731971566 450
"1494" 43 46 720 0.403604956376767 0.574425175752871 750
"1495" 43 47 960 0.245004555006181 0.181637494780601 950
"1496" 43 48 1200 0.279025104196394 0.01698756371139 1250
"1497" 43 49 1440 0.044502000454261 0.281092151389245 1450
"1498" 43 50 1680 0.322403914044219 -0.158747663505458 1650
"1499" 43 51 1920 0.0229238135745113 0.553982713912837 1950
"1500" 43 52 2160 0.0875442236556025 0.63224405267573 2150
"1501" 43 53 2400 -0.312464145123381 0.295676695352784 2450
"1502" 43 54 2640 -0.557790495401184 0.485477268076478 2650
"1503" 43 55 2880 -0.904977810685824 0.971945200076213 2850
"1504" 43 56 3120 -0.998865235064954 0.380358448192427 3150
"1505" 43 57 3360 NA NA 3350
"1506" 44 45 240 0.834003031674543 0.718713859072546 250
"1507" 44 46 480 0.438992968054969 0.382243200655311 450
"1508" 44 47 720 0.632962668582256 0.0507559415314448 750
"1509" 44 48 960 0.440658069369694 -0.0599393794713917 950
"1510" 44 49 1200 0.342451877373698 0.656211318352064 1250
"1511" 44 50 1440 0.165527868789042 0.118301951068879 1450
"1512" 44 51 1680 0.0845477940719335 0.440593604674911 1650
"1513" 44 52 1920 -0.0693172745172935 0.837158668913417 1950
"1514" 44 53 2160 -0.162641272688832 0.90383015440829 2150
"1515" 44 54 2400 -0.431468994065374 -0.203310002785884 2450
"1516" 44 55 2640 -0.814044716061921 -0.330157460423149 2650
"1517" 44 56 2880 -0.974145457220142 0.570167831922155 2850
"1518" 44 57 3120 NA NA 3150
"1519" 45 46 240 0.653332906888983 0.416970299144209 250
"1520" 45 47 480 0.691838737632941 0.174194876946778 450
"1521" 45 48 720 0.544150524309503 -0.0446949264933173 750
"1522" 45 49 960 0.458834600641083 0.27910948387865 950
"1523" 45 50 1200 0.227046421640852 -0.472605568813471 1250
"1524" 45 51 1440 0.0399618428664202 -0.503016428991107 1450
"1525" 45 52 1680 -0.294453815442347 -0.671634113435332 1650
"1526" 45 53 1920 -0.160292774000897 -0.586362851616924 1950
"1527" 45 54 2160 -0.857571234236028 -0.5320614654522 2150
"1528" 45 55 2400 -1 -1 2450
"1529" 45 56 2640 -1 -1 2650
"1530" 45 57 2880 NA NA 2850
"1531" 46 47 240 0.862437414387638 0.633508590705468 250
"1532" 46 48 480 0.778956379816252 0.328567013698821 450
"1533" 46 49 720 0.480110677955407 0.651059178446227 750
"1534" 46 50 960 0.197605696688022 0.278841740938117 950
"1535" 46 51 1200 0.4974609779342 0.119497050743546 1250
"1536" 46 52 1440 0.298369277620865 -0.121836502197237 1450
"1537" 46 53 1680 0.68579558753201 0.961316803179302 1650
"1538" 46 54 1920 0.809418026586096 0.391262173744279 1950
"1539" 46 55 2160 NA NA 2150
"1540" 46 56 2400 NA NA 2450
"1541" 46 57 2640 NA NA 2650
"1542" 47 48 240 0.884822405031437 0.854479226601267 250
"1543" 47 49 480 0.646483327373562 0.592034245318638 450
"1544" 47 50 720 0.293918100546023 0.321247394482422 750
"1545" 47 51 960 0.289956824572527 0.534233591526952 950
"1546" 47 52 1200 0.0526592238867607 0.220828268883783 1250
"1547" 47 53 1440 1 1 1450
"1548" 47 54 1680 -0.822291596983142 -0.32001378676607 1650
"1549" 47 55 1920 -0.982721068690539 -0.284410244641061 1950
"1550" 47 56 2160 -0.97892672341571 0.608992139032976 2150
"1551" 47 57 2400 NA NA 2450
"1552" 48 49 240 0.818509325606051 0.637674672172236 250
"1553" 48 50 480 0.554829504698446 0.684691429268749 450
"1554" 48 51 720 0.339180735613377 0.381774937972076 750
"1555" 48 52 960 0.23815857283444 0.182062505741864 950
"1556" 48 53 1200 0.678857315782485 0.161021940319279 1250
"1557" 48 54 1440 0.948762665369989 0.0869677290862302 1450
"1558" 48 55 1680 -1 1 1650
"1559" 48 56 1920 -1 1 1950
"1560" 48 57 2160 NA NA 2150
"1561" 49 50 240 0.656887392144691 0.796033807648338 250
"1562" 49 51 480 0.293279156005399 0.651643805507318 450
"1563" 49 52 720 0.349770332293796 0.238746474938109 750
"1564" 49 53 960 0.755676047388237 0.206650358893145 950
"1565" 49 54 1200 0.87050094776903 -0.0542116448106918 1250
"1566" 49 55 1440 -1 1 1450
"1567" 49 56 1680 -1 1 1650
"1568" 49 57 1920 NA NA 1950
"1569" 50 51 240 0.766453593551057 0.819298669280824 250
"1570" 50 52 480 0.620573333678146 0.458977986296865 450
"1571" 50 53 720 0.854932626562281 0.212235685461274 750
"1572" 50 54 960 0.972698565478774 -0.0752685112131944 950
"1573" 50 55 1200 -1 1 1250
"1574" 50 56 1440 -1 1 1450
"1575" 50 57 1680 NA NA 1650
"1576" 51 52 240 0.840614228568072 0.831037333936862 250
"1577" 51 53 480 0.903255707338426 0.65822645773111 450
"1578" 51 54 720 0.753403901669113 0.0386116722729772 750
"1579" 51 55 960 -1 1 950
"1580" 51 56 1200 -1 1 1250
"1581" 51 57 1440 NA NA 1450
"1582" 52 53 240 0.758796457432107 0.516075573381977 250
"1583" 52 54 480 0.987540045869959 0.163440467559516 450
"1584" 52 55 720 NA NA 750
"1585" 52 56 960 NA NA 950
"1586" 52 57 1200 NA NA 1250
"1587" 53 54 240 0.912762886515635 0.119078658722027 250
"1588" 53 55 480 NA NA 450
"1589" 53 56 720 NA NA 750
"1590" 53 57 960 NA NA 950
"1591" 54 55 240 1 1 250
"1592" 54 56 480 1 1 450
"1593" 54 57 720 NA NA 750
"1594" 55 56 240 0.9242138009741 0.587216593431896 250
"1595" 55 57 480 NA NA 450
"1596" 56 57 240 NA NA 250
